(kicad_pcb (version 20171130) (host pcbnew 5.0.2-bee76a0~70~ubuntu18.04.1)

  (general
    (thickness 1.6)
    (drawings 16)
    (tracks 272)
    (zones 0)
    (modules 45)
    (nets 29)
  )

  (page A4)
  (layers
    (0 F.Cu signal)
    (31 B.Cu signal)
    (32 B.Adhes user)
    (33 F.Adhes user)
    (34 B.Paste user)
    (35 F.Paste user)
    (36 B.SilkS user)
    (37 F.SilkS user)
    (38 B.Mask user)
    (39 F.Mask user hide)
    (40 Dwgs.User user)
    (41 Cmts.User user)
    (42 Eco1.User user)
    (43 Eco2.User user)
    (44 Edge.Cuts user)
    (45 Margin user)
    (46 B.CrtYd user)
    (47 F.CrtYd user)
    (48 B.Fab user hide)
    (49 F.Fab user)
  )

  (setup
    (last_trace_width 0.25)
    (trace_clearance 0.2)
    (zone_clearance 0.1)
    (zone_45_only no)
    (trace_min 0.2)
    (segment_width 0.2)
    (edge_width 0.15)
    (via_size 0.8)
    (via_drill 0.4)
    (via_min_size 0.4)
    (via_min_drill 0.3)
    (uvia_size 0.3)
    (uvia_drill 0.1)
    (uvias_allowed no)
    (uvia_min_size 0.2)
    (uvia_min_drill 0.1)
    (pcb_text_width 0.3)
    (pcb_text_size 1.5 1.5)
    (mod_edge_width 0.15)
    (mod_text_size 1 1)
    (mod_text_width 0.15)
    (pad_size 1.524 1.524)
    (pad_drill 0.762)
    (pad_to_mask_clearance 0.051)
    (solder_mask_min_width 0.25)
    (aux_axis_origin 0 0)
    (visible_elements FFFFFF7F)
    (pcbplotparams
      (layerselection 0x010fc_ffffffff)
      (usegerberextensions false)
      (usegerberattributes false)
      (usegerberadvancedattributes false)
      (creategerberjobfile false)
      (excludeedgelayer true)
      (linewidth 0.100000)
      (plotframeref false)
      (viasonmask false)
      (mode 1)
      (useauxorigin false)
      (hpglpennumber 1)
      (hpglpenspeed 20)
      (hpglpendiameter 15.000000)
      (psnegative false)
      (psa4output false)
      (plotreference true)
      (plotvalue true)
      (plotinvisibletext false)
      (padsonsilk false)
      (subtractmaskfromsilk false)
      (outputformat 1)
      (mirror false)
      (drillshape 1)
      (scaleselection 1)
      (outputdirectory ""))
  )

  (net 0 "")
  (net 1 GND)
  (net 2 V_BATT)
  (net 3 3V3)
  (net 4 "Net-(D1-Pad1)")
  (net 5 AP)
  (net 6 PHASE_A)
  (net 7 "Net-(FET1-Pad5)")
  (net 8 BP)
  (net 9 PHASE_B)
  (net 10 "Net-(FET2-Pad5)")
  (net 11 PHASE_C)
  (net 12 "Net-(FET3-Pad5)")
  (net 13 CP)
  (net 14 RC_IN)
  (net 15 "Net-(J1-Pad2)")
  (net 16 "Net-(Q1-Pad1)")
  (net 17 "Net-(Q2-Pad1)")
  (net 18 "Net-(Q3-Pad1)")
  (net 19 C2CK)
  (net 20 SENSE)
  (net 21 A_SENSE)
  (net 22 B_SENSE)
  (net 23 C_SENSE)
  (net 24 AC)
  (net 25 BC)
  (net 26 CC)
  (net 27 C2D)
  (net 28 TX2)

  (net_class Default "This is the default net class."
    (clearance 0.2)
    (trace_width 0.25)
    (via_dia 0.8)
    (via_drill 0.4)
    (uvia_dia 0.3)
    (uvia_drill 0.1)
    (add_net 3V3)
    (add_net AC)
    (add_net AP)
    (add_net A_SENSE)
    (add_net BC)
    (add_net BP)
    (add_net B_SENSE)
    (add_net C2CK)
    (add_net C2D)
    (add_net CC)
    (add_net CP)
    (add_net C_SENSE)
    (add_net GND)
    (add_net "Net-(D1-Pad1)")
    (add_net "Net-(FET1-Pad5)")
    (add_net "Net-(FET2-Pad5)")
    (add_net "Net-(FET3-Pad5)")
    (add_net "Net-(J1-Pad2)")
    (add_net "Net-(Q1-Pad1)")
    (add_net "Net-(Q2-Pad1)")
    (add_net "Net-(Q3-Pad1)")
    (add_net PHASE_A)
    (add_net PHASE_B)
    (add_net PHASE_C)
    (add_net RC_IN)
    (add_net SENSE)
    (add_net TX2)
    (add_net V_BATT)
  )

  (module blheli_esc:AP1509_SO-8 (layer F.Cu) (tedit 5C2CFC04) (tstamp 5C425FC0)
    (at 161.29 79.9465 270)
    (path /5C2CA11C)
    (fp_text reference U1 (at 3.1115 2.6035) (layer F.SilkS)
      (effects (font (size 0.7 0.7) (thickness 0.1)))
    )
    (fp_text value AP1509 (at 0 5.08 270) (layer F.Fab)
      (effects (font (size 1 1) (thickness 0.15)))
    )
    (fp_circle (center -3 1.5) (end -2.75 1.5) (layer F.SilkS) (width 0.15))
    (fp_line (start -2.45 -1.925) (end 2.45 -1.925) (layer F.SilkS) (width 0.15))
    (fp_line (start 2.45 -1.925) (end 2.45 1.925) (layer F.SilkS) (width 0.15))
    (fp_line (start 2.45 1.925) (end -2.45 1.925) (layer F.SilkS) (width 0.15))
    (fp_line (start -2.45 1.925) (end -2.45 -1.925) (layer F.SilkS) (width 0.15))
    (pad 1 smd rect (at -1.905 2.4975 270) (size 0.802 1.505) (layers F.Cu F.Paste F.Mask)
      (net 2 V_BATT))
    (pad 2 smd rect (at -0.635 2.4975 270) (size 0.802 1.505) (layers F.Cu F.Paste F.Mask)
      (net 4 "Net-(D1-Pad1)"))
    (pad 3 smd rect (at 0.635 2.4975 270) (size 0.802 1.505) (layers F.Cu F.Paste F.Mask)
      (net 3 3V3))
    (pad 4 smd rect (at 1.905 2.4975 270) (size 0.802 1.505) (layers F.Cu F.Paste F.Mask)
      (net 1 GND))
    (pad 5 smd rect (at 1.905 -2.4975 270) (size 0.802 1.505) (layers F.Cu F.Paste F.Mask)
      (net 1 GND))
    (pad 6 smd rect (at 0.635 -2.4975 270) (size 0.802 1.505) (layers F.Cu F.Paste F.Mask)
      (net 1 GND))
    (pad 7 smd rect (at -0.635 -2.4975 270) (size 0.802 1.505) (layers F.Cu F.Paste F.Mask)
      (net 1 GND))
    (pad 8 smd rect (at -1.905 -2.4975 270) (size 0.802 1.505) (layers F.Cu F.Paste F.Mask)
      (net 1 GND))
  )

  (module Package_SO:QSOP-24_3.9x8.7mm_P0.635mm (layer F.Cu) (tedit 5C2CFBEA) (tstamp 5C6A73B2)
    (at 160.274 71.755)
    (descr "24-Lead Plastic Shrink Small Outline Narrow Body (QR)-.150\" Body [QSOP] (see Microchip Packaging Specification 00000049CH.pdf)")
    (tags "QSOP 0.635")
    (path /5C2A88F0)
    (attr smd)
    (fp_text reference U2 (at 0 -5.0165) (layer F.SilkS)
      (effects (font (size 0.7 0.7) (thickness 0.1)))
    )
    (fp_text value EFM8BB21F16G (at 0 5.3) (layer F.Fab)
      (effects (font (size 1 1) (thickness 0.15)))
    )
    (fp_text user %R (at 0 0) (layer F.Fab)
      (effects (font (size 0.8 0.8) (thickness 0.08)))
    )
    (fp_line (start -0.95 -4.35) (end 1.95 -4.35) (layer F.Fab) (width 0.1))
    (fp_line (start 1.95 -4.35) (end 1.95 4.35) (layer F.Fab) (width 0.1))
    (fp_line (start 1.95 4.35) (end -1.95 4.35) (layer F.Fab) (width 0.1))
    (fp_line (start -1.95 4.35) (end -1.95 -3.35) (layer F.Fab) (width 0.1))
    (fp_line (start -1.95 -3.35) (end -0.95 -4.35) (layer F.Fab) (width 0.1))
    (fp_line (start -3.71 -4.6) (end -3.71 4.6) (layer F.CrtYd) (width 0.05))
    (fp_line (start 3.7 -4.6) (end 3.7 4.6) (layer F.CrtYd) (width 0.05))
    (fp_line (start -3.71 -4.6) (end 3.7 -4.6) (layer F.CrtYd) (width 0.05))
    (fp_line (start -3.71 4.6) (end 3.7 4.6) (layer F.CrtYd) (width 0.05))
    (fp_line (start -1.8543 4.475) (end 1.8543 4.475) (layer F.SilkS) (width 0.12))
    (fp_line (start -3.525 -4.475) (end 1.8586 -4.475) (layer F.SilkS) (width 0.12))
    (pad 17 smd rect (at 2.6543 0.9525) (size 1.6 0.41) (layers F.Cu F.Paste F.Mask)
      (net 25 BC))
    (pad 18 smd rect (at 2.6543 0.3175) (size 1.6 0.41) (layers F.Cu F.Paste F.Mask)
      (net 8 BP))
    (pad 8 smd rect (at -2.6543 0.9525) (size 1.6 0.41) (layers F.Cu F.Paste F.Mask)
      (net 27 C2D))
    (pad 7 smd rect (at -2.6543 0.3175) (size 1.6 0.41) (layers F.Cu F.Paste F.Mask)
      (net 19 C2CK))
    (pad 20 smd rect (at 2.6543 -0.9525) (size 1.6 0.41) (layers F.Cu F.Paste F.Mask)
      (net 5 AP))
    (pad 19 smd rect (at 2.6543 -0.3175) (size 1.6 0.41) (layers F.Cu F.Paste F.Mask)
      (net 24 AC))
    (pad 6 smd rect (at -2.6543 -0.3175) (size 1.6 0.41) (layers F.Cu F.Paste F.Mask)
      (net 3 3V3))
    (pad 5 smd rect (at -2.6543 -0.9525) (size 1.6 0.41) (layers F.Cu F.Paste F.Mask)
      (net 1 GND))
    (pad 1 smd rect (at -2.6543 -3.4925) (size 1.6 0.41) (layers F.Cu F.Paste F.Mask)
      (net 20 SENSE))
    (pad 2 smd rect (at -2.6543 -2.8575) (size 1.6 0.41) (layers F.Cu F.Paste F.Mask)
      (net 23 C_SENSE))
    (pad 3 smd rect (at -2.6543 -2.2225) (size 1.6 0.41) (layers F.Cu F.Paste F.Mask)
      (net 22 B_SENSE))
    (pad 4 smd rect (at -2.6543 -1.5875) (size 1.6 0.41) (layers F.Cu F.Paste F.Mask)
      (net 21 A_SENSE))
    (pad 9 smd rect (at -2.6543 1.5875) (size 1.6 0.41) (layers F.Cu F.Paste F.Mask))
    (pad 10 smd rect (at -2.6543 2.2225) (size 1.6 0.41) (layers F.Cu F.Paste F.Mask))
    (pad 11 smd rect (at -2.6543 2.8575) (size 1.6 0.41) (layers F.Cu F.Paste F.Mask))
    (pad 12 smd rect (at -2.6543 3.4925) (size 1.6 0.41) (layers F.Cu F.Paste F.Mask))
    (pad 13 smd rect (at 2.6543 3.4925) (size 1.6 0.41) (layers F.Cu F.Paste F.Mask))
    (pad 14 smd rect (at 2.6543 2.8575) (size 1.6 0.41) (layers F.Cu F.Paste F.Mask))
    (pad 15 smd rect (at 2.6543 2.2225) (size 1.6 0.41) (layers F.Cu F.Paste F.Mask)
      (net 26 CC))
    (pad 16 smd rect (at 2.6543 1.5875) (size 1.6 0.41) (layers F.Cu F.Paste F.Mask)
      (net 13 CP))
    (pad 21 smd rect (at 2.6543 -1.5875) (size 1.6 0.41) (layers F.Cu F.Paste F.Mask))
    (pad 22 smd rect (at 2.6543 -2.2225) (size 1.6 0.41) (layers F.Cu F.Paste F.Mask))
    (pad 23 smd rect (at 2.6543 -2.8575) (size 1.6 0.41) (layers F.Cu F.Paste F.Mask)
      (net 14 RC_IN))
    (pad 24 smd rect (at 2.6543 -3.4925) (size 1.6 0.41) (layers F.Cu F.Paste F.Mask)
      (net 28 TX2))
    (model ${KISYS3DMOD}/Package_SO.3dshapes/QSOP-24_3.9x8.7mm_P0.635mm.wrl
      (at (xyz 0 0 0))
      (scale (xyz 1 1 1))
      (rotate (xyz 0 0 0))
    )
  )

  (module Resistor_SMD:R_0603_1608Metric (layer F.Cu) (tedit 5C2CF702) (tstamp 5C6067DB)
    (at 154.851 69.596 180)
    (descr "Resistor SMD 0603 (1608 Metric), square (rectangular) end terminal, IPC_7351 nominal, (Body size source: http://www.tortai-tech.com/upload/download/2011102023233369053.pdf), generated with kicad-footprint-generator")
    (tags resistor)
    (path /5C2B32E8)
    (attr smd)
    (fp_text reference R3 (at 2.5145 0.0635 180) (layer F.SilkS)
      (effects (font (size 0.7 0.7) (thickness 0.1)))
    )
    (fp_text value 10k (at 0 1.43 180) (layer F.Fab)
      (effects (font (size 1 1) (thickness 0.15)))
    )
    (fp_line (start -0.8 0.4) (end -0.8 -0.4) (layer F.Fab) (width 0.1))
    (fp_line (start -0.8 -0.4) (end 0.8 -0.4) (layer F.Fab) (width 0.1))
    (fp_line (start 0.8 -0.4) (end 0.8 0.4) (layer F.Fab) (width 0.1))
    (fp_line (start 0.8 0.4) (end -0.8 0.4) (layer F.Fab) (width 0.1))
    (fp_line (start -0.162779 -0.51) (end 0.162779 -0.51) (layer F.SilkS) (width 0.12))
    (fp_line (start -0.162779 0.51) (end 0.162779 0.51) (layer F.SilkS) (width 0.12))
    (fp_line (start -1.48 0.73) (end -1.48 -0.73) (layer F.CrtYd) (width 0.05))
    (fp_line (start -1.48 -0.73) (end 1.48 -0.73) (layer F.CrtYd) (width 0.05))
    (fp_line (start 1.48 -0.73) (end 1.48 0.73) (layer F.CrtYd) (width 0.05))
    (fp_line (start 1.48 0.73) (end -1.48 0.73) (layer F.CrtYd) (width 0.05))
    (fp_text user %R (at 0 0 180) (layer F.Fab)
      (effects (font (size 0.4 0.4) (thickness 0.06)))
    )
    (pad 1 smd roundrect (at -0.7875 0 180) (size 0.875 0.95) (layers F.Cu F.Paste F.Mask) (roundrect_rratio 0.25)
      (net 22 B_SENSE))
    (pad 2 smd roundrect (at 0.7875 0 180) (size 0.875 0.95) (layers F.Cu F.Paste F.Mask) (roundrect_rratio 0.25)
      (net 20 SENSE))
    (model ${KISYS3DMOD}/Resistor_SMD.3dshapes/R_0603_1608Metric.wrl
      (at (xyz 0 0 0))
      (scale (xyz 1 1 1))
      (rotate (xyz 0 0 0))
    )
  )

  (module Resistor_SMD:R_0603_1608Metric (layer F.Cu) (tedit 5C2CF777) (tstamp 5C42677B)
    (at 166.9035 68.072 180)
    (descr "Resistor SMD 0603 (1608 Metric), square (rectangular) end terminal, IPC_7351 nominal, (Body size source: http://www.tortai-tech.com/upload/download/2011102023233369053.pdf), generated with kicad-footprint-generator")
    (tags resistor)
    (path /5C2A957A)
    (attr smd)
    (fp_text reference R5 (at 2.3115 0 180) (layer F.SilkS)
      (effects (font (size 0.7 0.7) (thickness 0.1)))
    )
    (fp_text value 1k (at 0 1.43 180) (layer F.Fab)
      (effects (font (size 1 1) (thickness 0.15)))
    )
    (fp_text user %R (at 0 0 180) (layer F.Fab)
      (effects (font (size 0.4 0.4) (thickness 0.06)))
    )
    (fp_line (start 1.48 0.73) (end -1.48 0.73) (layer F.CrtYd) (width 0.05))
    (fp_line (start 1.48 -0.73) (end 1.48 0.73) (layer F.CrtYd) (width 0.05))
    (fp_line (start -1.48 -0.73) (end 1.48 -0.73) (layer F.CrtYd) (width 0.05))
    (fp_line (start -1.48 0.73) (end -1.48 -0.73) (layer F.CrtYd) (width 0.05))
    (fp_line (start -0.162779 0.51) (end 0.162779 0.51) (layer F.SilkS) (width 0.12))
    (fp_line (start -0.162779 -0.51) (end 0.162779 -0.51) (layer F.SilkS) (width 0.12))
    (fp_line (start 0.8 0.4) (end -0.8 0.4) (layer F.Fab) (width 0.1))
    (fp_line (start 0.8 -0.4) (end 0.8 0.4) (layer F.Fab) (width 0.1))
    (fp_line (start -0.8 -0.4) (end 0.8 -0.4) (layer F.Fab) (width 0.1))
    (fp_line (start -0.8 0.4) (end -0.8 -0.4) (layer F.Fab) (width 0.1))
    (pad 2 smd roundrect (at 0.7875 0 180) (size 0.875 0.95) (layers F.Cu F.Paste F.Mask) (roundrect_rratio 0.25)
      (net 24 AC))
    (pad 1 smd roundrect (at -0.7875 0 180) (size 0.875 0.95) (layers F.Cu F.Paste F.Mask) (roundrect_rratio 0.25)
      (net 16 "Net-(Q1-Pad1)"))
    (model ${KISYS3DMOD}/Resistor_SMD.3dshapes/R_0603_1608Metric.wrl
      (at (xyz 0 0 0))
      (scale (xyz 1 1 1))
      (rotate (xyz 0 0 0))
    )
  )

  (module Resistor_SMD:R_0603_1608Metric (layer F.Cu) (tedit 5C2CF77E) (tstamp 5C607446)
    (at 166.9035 70.104 180)
    (descr "Resistor SMD 0603 (1608 Metric), square (rectangular) end terminal, IPC_7351 nominal, (Body size source: http://www.tortai-tech.com/upload/download/2011102023233369053.pdf), generated with kicad-footprint-generator")
    (tags resistor)
    (path /5C2A95EE)
    (attr smd)
    (fp_text reference R8 (at 2.3115 0 180) (layer F.SilkS)
      (effects (font (size 0.7 0.7) (thickness 0.1)))
    )
    (fp_text value 100k (at 0.2795 -1.524 180) (layer F.Fab)
      (effects (font (size 1 1) (thickness 0.15)))
    )
    (fp_line (start -0.8 0.4) (end -0.8 -0.4) (layer F.Fab) (width 0.1))
    (fp_line (start -0.8 -0.4) (end 0.8 -0.4) (layer F.Fab) (width 0.1))
    (fp_line (start 0.8 -0.4) (end 0.8 0.4) (layer F.Fab) (width 0.1))
    (fp_line (start 0.8 0.4) (end -0.8 0.4) (layer F.Fab) (width 0.1))
    (fp_line (start -0.162779 -0.51) (end 0.162779 -0.51) (layer F.SilkS) (width 0.12))
    (fp_line (start -0.162779 0.51) (end 0.162779 0.51) (layer F.SilkS) (width 0.12))
    (fp_line (start -1.48 0.73) (end -1.48 -0.73) (layer F.CrtYd) (width 0.05))
    (fp_line (start -1.48 -0.73) (end 1.48 -0.73) (layer F.CrtYd) (width 0.05))
    (fp_line (start 1.48 -0.73) (end 1.48 0.73) (layer F.CrtYd) (width 0.05))
    (fp_line (start 1.48 0.73) (end -1.48 0.73) (layer F.CrtYd) (width 0.05))
    (fp_text user %R (at 0 0 180) (layer F.Fab)
      (effects (font (size 0.4 0.4) (thickness 0.06)))
    )
    (pad 1 smd roundrect (at -0.7875 0 180) (size 0.875 0.95) (layers F.Cu F.Paste F.Mask) (roundrect_rratio 0.25)
      (net 1 GND))
    (pad 2 smd roundrect (at 0.7875 0 180) (size 0.875 0.95) (layers F.Cu F.Paste F.Mask) (roundrect_rratio 0.25)
      (net 16 "Net-(Q1-Pad1)"))
    (model ${KISYS3DMOD}/Resistor_SMD.3dshapes/R_0603_1608Metric.wrl
      (at (xyz 0 0 0))
      (scale (xyz 1 1 1))
      (rotate (xyz 0 0 0))
    )
  )

  (module Capacitor_SMD:C_0603_1608Metric (layer B.Cu) (tedit 5B301BBE) (tstamp 5C606660)
    (at 155.067 79.5275 270)
    (descr "Capacitor SMD 0603 (1608 Metric), square (rectangular) end terminal, IPC_7351 nominal, (Body size source: http://www.tortai-tech.com/upload/download/2011102023233369053.pdf), generated with kicad-footprint-generator")
    (tags capacitor)
    (path /5C3B2109)
    (attr smd)
    (fp_text reference C1 (at 2.3875 0 270) (layer B.SilkS)
      (effects (font (size 1 1) (thickness 0.15)) (justify mirror))
    )
    (fp_text value 22u (at 0 -1.43 270) (layer B.Fab)
      (effects (font (size 1 1) (thickness 0.15)) (justify mirror))
    )
    (fp_text user %R (at 0 0 270) (layer B.Fab)
      (effects (font (size 0.4 0.4) (thickness 0.06)) (justify mirror))
    )
    (fp_line (start 1.48 -0.73) (end -1.48 -0.73) (layer B.CrtYd) (width 0.05))
    (fp_line (start 1.48 0.73) (end 1.48 -0.73) (layer B.CrtYd) (width 0.05))
    (fp_line (start -1.48 0.73) (end 1.48 0.73) (layer B.CrtYd) (width 0.05))
    (fp_line (start -1.48 -0.73) (end -1.48 0.73) (layer B.CrtYd) (width 0.05))
    (fp_line (start -0.162779 -0.51) (end 0.162779 -0.51) (layer B.SilkS) (width 0.12))
    (fp_line (start -0.162779 0.51) (end 0.162779 0.51) (layer B.SilkS) (width 0.12))
    (fp_line (start 0.8 -0.4) (end -0.8 -0.4) (layer B.Fab) (width 0.1))
    (fp_line (start 0.8 0.4) (end 0.8 -0.4) (layer B.Fab) (width 0.1))
    (fp_line (start -0.8 0.4) (end 0.8 0.4) (layer B.Fab) (width 0.1))
    (fp_line (start -0.8 -0.4) (end -0.8 0.4) (layer B.Fab) (width 0.1))
    (pad 2 smd roundrect (at 0.7875 0 270) (size 0.875 0.95) (layers B.Cu B.Paste B.Mask) (roundrect_rratio 0.25)
      (net 1 GND))
    (pad 1 smd roundrect (at -0.7875 0 270) (size 0.875 0.95) (layers B.Cu B.Paste B.Mask) (roundrect_rratio 0.25)
      (net 2 V_BATT))
    (model ${KISYS3DMOD}/Capacitor_SMD.3dshapes/C_0603_1608Metric.wrl
      (at (xyz 0 0 0))
      (scale (xyz 1 1 1))
      (rotate (xyz 0 0 0))
    )
  )

  (module Capacitor_SMD:C_0603_1608Metric (layer B.Cu) (tedit 5B301BBE) (tstamp 5C606671)
    (at 153.6065 79.54 270)
    (descr "Capacitor SMD 0603 (1608 Metric), square (rectangular) end terminal, IPC_7351 nominal, (Body size source: http://www.tortai-tech.com/upload/download/2011102023233369053.pdf), generated with kicad-footprint-generator")
    (tags capacitor)
    (path /5C3B208B)
    (attr smd)
    (fp_text reference C2 (at 2.375 -0.0635 270) (layer B.SilkS)
      (effects (font (size 1 1) (thickness 0.15)) (justify mirror))
    )
    (fp_text value 22u (at 0 -1.43 270) (layer B.Fab)
      (effects (font (size 1 1) (thickness 0.15)) (justify mirror))
    )
    (fp_line (start -0.8 -0.4) (end -0.8 0.4) (layer B.Fab) (width 0.1))
    (fp_line (start -0.8 0.4) (end 0.8 0.4) (layer B.Fab) (width 0.1))
    (fp_line (start 0.8 0.4) (end 0.8 -0.4) (layer B.Fab) (width 0.1))
    (fp_line (start 0.8 -0.4) (end -0.8 -0.4) (layer B.Fab) (width 0.1))
    (fp_line (start -0.162779 0.51) (end 0.162779 0.51) (layer B.SilkS) (width 0.12))
    (fp_line (start -0.162779 -0.51) (end 0.162779 -0.51) (layer B.SilkS) (width 0.12))
    (fp_line (start -1.48 -0.73) (end -1.48 0.73) (layer B.CrtYd) (width 0.05))
    (fp_line (start -1.48 0.73) (end 1.48 0.73) (layer B.CrtYd) (width 0.05))
    (fp_line (start 1.48 0.73) (end 1.48 -0.73) (layer B.CrtYd) (width 0.05))
    (fp_line (start 1.48 -0.73) (end -1.48 -0.73) (layer B.CrtYd) (width 0.05))
    (fp_text user %R (at 0 0 270) (layer B.Fab)
      (effects (font (size 0.4 0.4) (thickness 0.06)) (justify mirror))
    )
    (pad 1 smd roundrect (at -0.7875 0 270) (size 0.875 0.95) (layers B.Cu B.Paste B.Mask) (roundrect_rratio 0.25)
      (net 2 V_BATT))
    (pad 2 smd roundrect (at 0.7875 0 270) (size 0.875 0.95) (layers B.Cu B.Paste B.Mask) (roundrect_rratio 0.25)
      (net 1 GND))
    (model ${KISYS3DMOD}/Capacitor_SMD.3dshapes/C_0603_1608Metric.wrl
      (at (xyz 0 0 0))
      (scale (xyz 1 1 1))
      (rotate (xyz 0 0 0))
    )
  )

  (module Capacitor_SMD:C_0603_1608Metric (layer B.Cu) (tedit 5B301BBE) (tstamp 5C606682)
    (at 152.146 79.54 270)
    (descr "Capacitor SMD 0603 (1608 Metric), square (rectangular) end terminal, IPC_7351 nominal, (Body size source: http://www.tortai-tech.com/upload/download/2011102023233369053.pdf), generated with kicad-footprint-generator")
    (tags capacitor)
    (path /5C3A6EE7)
    (attr smd)
    (fp_text reference C3 (at 2.375 0 270) (layer B.SilkS)
      (effects (font (size 1 1) (thickness 0.15)) (justify mirror))
    )
    (fp_text value 22u (at 0 -1.43 270) (layer B.Fab)
      (effects (font (size 1 1) (thickness 0.15)) (justify mirror))
    )
    (fp_text user %R (at 0 0 270) (layer B.Fab)
      (effects (font (size 0.4 0.4) (thickness 0.06)) (justify mirror))
    )
    (fp_line (start 1.48 -0.73) (end -1.48 -0.73) (layer B.CrtYd) (width 0.05))
    (fp_line (start 1.48 0.73) (end 1.48 -0.73) (layer B.CrtYd) (width 0.05))
    (fp_line (start -1.48 0.73) (end 1.48 0.73) (layer B.CrtYd) (width 0.05))
    (fp_line (start -1.48 -0.73) (end -1.48 0.73) (layer B.CrtYd) (width 0.05))
    (fp_line (start -0.162779 -0.51) (end 0.162779 -0.51) (layer B.SilkS) (width 0.12))
    (fp_line (start -0.162779 0.51) (end 0.162779 0.51) (layer B.SilkS) (width 0.12))
    (fp_line (start 0.8 -0.4) (end -0.8 -0.4) (layer B.Fab) (width 0.1))
    (fp_line (start 0.8 0.4) (end 0.8 -0.4) (layer B.Fab) (width 0.1))
    (fp_line (start -0.8 0.4) (end 0.8 0.4) (layer B.Fab) (width 0.1))
    (fp_line (start -0.8 -0.4) (end -0.8 0.4) (layer B.Fab) (width 0.1))
    (pad 2 smd roundrect (at 0.7875 0 270) (size 0.875 0.95) (layers B.Cu B.Paste B.Mask) (roundrect_rratio 0.25)
      (net 1 GND))
    (pad 1 smd roundrect (at -0.7875 0 270) (size 0.875 0.95) (layers B.Cu B.Paste B.Mask) (roundrect_rratio 0.25)
      (net 2 V_BATT))
    (model ${KISYS3DMOD}/Capacitor_SMD.3dshapes/C_0603_1608Metric.wrl
      (at (xyz 0 0 0))
      (scale (xyz 1 1 1))
      (rotate (xyz 0 0 0))
    )
  )

  (module Capacitor_SMD:C_0603_1608Metric (layer F.Cu) (tedit 5C2CFC1D) (tstamp 5C424C5B)
    (at 153.6065 82.042 270)
    (descr "Capacitor SMD 0603 (1608 Metric), square (rectangular) end terminal, IPC_7351 nominal, (Body size source: http://www.tortai-tech.com/upload/download/2011102023233369053.pdf), generated with kicad-footprint-generator")
    (tags capacitor)
    (path /5C2A8A01)
    (attr smd)
    (fp_text reference C5 (at -2.413 0 270) (layer F.SilkS)
      (effects (font (size 0.7 0.7) (thickness 0.1)))
    )
    (fp_text value 100n (at 0 1.43 270) (layer F.Fab)
      (effects (font (size 1 1) (thickness 0.15)))
    )
    (fp_line (start -0.8 0.4) (end -0.8 -0.4) (layer F.Fab) (width 0.1))
    (fp_line (start -0.8 -0.4) (end 0.8 -0.4) (layer F.Fab) (width 0.1))
    (fp_line (start 0.8 -0.4) (end 0.8 0.4) (layer F.Fab) (width 0.1))
    (fp_line (start 0.8 0.4) (end -0.8 0.4) (layer F.Fab) (width 0.1))
    (fp_line (start -0.162779 -0.51) (end 0.162779 -0.51) (layer F.SilkS) (width 0.12))
    (fp_line (start -0.162779 0.51) (end 0.162779 0.51) (layer F.SilkS) (width 0.12))
    (fp_line (start -1.48 0.73) (end -1.48 -0.73) (layer F.CrtYd) (width 0.05))
    (fp_line (start -1.48 -0.73) (end 1.48 -0.73) (layer F.CrtYd) (width 0.05))
    (fp_line (start 1.48 -0.73) (end 1.48 0.73) (layer F.CrtYd) (width 0.05))
    (fp_line (start 1.48 0.73) (end -1.48 0.73) (layer F.CrtYd) (width 0.05))
    (fp_text user %R (at 0 0 270) (layer F.Fab)
      (effects (font (size 0.4 0.4) (thickness 0.06)))
    )
    (pad 1 smd roundrect (at -0.7875 0 270) (size 0.875 0.95) (layers F.Cu F.Paste F.Mask) (roundrect_rratio 0.25)
      (net 3 3V3))
    (pad 2 smd roundrect (at 0.7875 0 270) (size 0.875 0.95) (layers F.Cu F.Paste F.Mask) (roundrect_rratio 0.25)
      (net 1 GND))
    (model ${KISYS3DMOD}/Capacitor_SMD.3dshapes/C_0603_1608Metric.wrl
      (at (xyz 0 0 0))
      (scale (xyz 1 1 1))
      (rotate (xyz 0 0 0))
    )
  )

  (module Capacitor_SMD:C_0603_1608Metric (layer F.Cu) (tedit 5C2CFC28) (tstamp 5C6066A4)
    (at 152.146 82.042 270)
    (descr "Capacitor SMD 0603 (1608 Metric), square (rectangular) end terminal, IPC_7351 nominal, (Body size source: http://www.tortai-tech.com/upload/download/2011102023233369053.pdf), generated with kicad-footprint-generator")
    (tags capacitor)
    (path /5C3BCFB9)
    (attr smd)
    (fp_text reference C7 (at -2.413 0.0635 270) (layer F.SilkS)
      (effects (font (size 0.7 0.7) (thickness 0.1)))
    )
    (fp_text value 100n (at 0 1.43 270) (layer F.Fab)
      (effects (font (size 1 1) (thickness 0.15)))
    )
    (fp_line (start -0.8 0.4) (end -0.8 -0.4) (layer F.Fab) (width 0.1))
    (fp_line (start -0.8 -0.4) (end 0.8 -0.4) (layer F.Fab) (width 0.1))
    (fp_line (start 0.8 -0.4) (end 0.8 0.4) (layer F.Fab) (width 0.1))
    (fp_line (start 0.8 0.4) (end -0.8 0.4) (layer F.Fab) (width 0.1))
    (fp_line (start -0.162779 -0.51) (end 0.162779 -0.51) (layer F.SilkS) (width 0.12))
    (fp_line (start -0.162779 0.51) (end 0.162779 0.51) (layer F.SilkS) (width 0.12))
    (fp_line (start -1.48 0.73) (end -1.48 -0.73) (layer F.CrtYd) (width 0.05))
    (fp_line (start -1.48 -0.73) (end 1.48 -0.73) (layer F.CrtYd) (width 0.05))
    (fp_line (start 1.48 -0.73) (end 1.48 0.73) (layer F.CrtYd) (width 0.05))
    (fp_line (start 1.48 0.73) (end -1.48 0.73) (layer F.CrtYd) (width 0.05))
    (fp_text user %R (at 0 0 270) (layer F.Fab)
      (effects (font (size 0.4 0.4) (thickness 0.06)))
    )
    (pad 1 smd roundrect (at -0.7875 0 270) (size 0.875 0.95) (layers F.Cu F.Paste F.Mask) (roundrect_rratio 0.25)
      (net 3 3V3))
    (pad 2 smd roundrect (at 0.7875 0 270) (size 0.875 0.95) (layers F.Cu F.Paste F.Mask) (roundrect_rratio 0.25)
      (net 1 GND))
    (model ${KISYS3DMOD}/Capacitor_SMD.3dshapes/C_0603_1608Metric.wrl
      (at (xyz 0 0 0))
      (scale (xyz 1 1 1))
      (rotate (xyz 0 0 0))
    )
  )

  (module Diode_SMD:D_SOD-123F (layer F.Cu) (tedit 5C2CFC33) (tstamp 5C6066BD)
    (at 150.114 81.407 270)
    (descr D_SOD-123F)
    (tags D_SOD-123F)
    (path /5C2CCC65)
    (attr smd)
    (fp_text reference D1 (at 1.143 1.778 270) (layer F.SilkS)
      (effects (font (size 0.7 0.7) (thickness 0.1)))
    )
    (fp_text value MBR120V (at 0 2.1 270) (layer F.Fab)
      (effects (font (size 1 1) (thickness 0.15)))
    )
    (fp_text user %R (at -0.127 -1.905 270) (layer F.Fab)
      (effects (font (size 1 1) (thickness 0.15)))
    )
    (fp_line (start -2.2 -1) (end -2.2 1) (layer F.SilkS) (width 0.12))
    (fp_line (start 0.25 0) (end 0.75 0) (layer F.Fab) (width 0.1))
    (fp_line (start 0.25 0.4) (end -0.35 0) (layer F.Fab) (width 0.1))
    (fp_line (start 0.25 -0.4) (end 0.25 0.4) (layer F.Fab) (width 0.1))
    (fp_line (start -0.35 0) (end 0.25 -0.4) (layer F.Fab) (width 0.1))
    (fp_line (start -0.35 0) (end -0.35 0.55) (layer F.Fab) (width 0.1))
    (fp_line (start -0.35 0) (end -0.35 -0.55) (layer F.Fab) (width 0.1))
    (fp_line (start -0.75 0) (end -0.35 0) (layer F.Fab) (width 0.1))
    (fp_line (start -1.4 0.9) (end -1.4 -0.9) (layer F.Fab) (width 0.1))
    (fp_line (start 1.4 0.9) (end -1.4 0.9) (layer F.Fab) (width 0.1))
    (fp_line (start 1.4 -0.9) (end 1.4 0.9) (layer F.Fab) (width 0.1))
    (fp_line (start -1.4 -0.9) (end 1.4 -0.9) (layer F.Fab) (width 0.1))
    (fp_line (start -2.2 -1.15) (end 2.2 -1.15) (layer F.CrtYd) (width 0.05))
    (fp_line (start 2.2 -1.15) (end 2.2 1.15) (layer F.CrtYd) (width 0.05))
    (fp_line (start 2.2 1.15) (end -2.2 1.15) (layer F.CrtYd) (width 0.05))
    (fp_line (start -2.2 -1.15) (end -2.2 1.15) (layer F.CrtYd) (width 0.05))
    (fp_line (start -2.2 1) (end 1.65 1) (layer F.SilkS) (width 0.12))
    (fp_line (start -2.2 -1) (end 1.65 -1) (layer F.SilkS) (width 0.12))
    (pad 1 smd rect (at -1.4 0 270) (size 1.1 1.1) (layers F.Cu F.Paste F.Mask)
      (net 4 "Net-(D1-Pad1)"))
    (pad 2 smd rect (at 1.4 0 270) (size 1.1 1.1) (layers F.Cu F.Paste F.Mask)
      (net 1 GND))
    (model ${KISYS3DMOD}/Diode_SMD.3dshapes/D_SOD-123F.wrl
      (at (xyz 0 0 0))
      (scale (xyz 1 1 1))
      (rotate (xyz 0 0 0))
    )
  )

  (module blheli_esc:UT6MA3 (layer F.Cu) (tedit 5C2A915E) (tstamp 5C6066CA)
    (at 176.403 69.088 90)
    (path /5C2A92AB)
    (fp_text reference FET1 (at 0 1.905 90) (layer F.Fab)
      (effects (font (size 1 1) (thickness 0.15)))
    )
    (fp_text value UT6MA3 (at -0.135 -1.905 90) (layer F.Fab)
      (effects (font (size 1 1) (thickness 0.15)))
    )
    (fp_circle (center -1.2 0.6) (end -1 0.6) (layer F.SilkS) (width 0.15))
    (pad 1 smd rect (at -0.65 0.8625 90) (size 0.45 0.425) (layers F.Cu F.Paste F.Mask)
      (net 1 GND))
    (pad 2 smd rect (at 0 0.8625 90) (size 0.45 0.425) (layers F.Cu F.Paste F.Mask)
      (net 5 AP))
    (pad 3 smd rect (at 0.65 0.8625 90) (size 0.45 0.425) (layers F.Cu F.Paste F.Mask)
      (net 6 PHASE_A))
    (pad 4 smd rect (at 0.65 -0.8625 90) (size 0.45 0.425) (layers F.Cu F.Paste F.Mask)
      (net 2 V_BATT))
    (pad 5 smd rect (at 0 -0.8625 90) (size 0.45 0.425) (layers F.Cu F.Paste F.Mask)
      (net 7 "Net-(FET1-Pad5)"))
    (pad 6 smd rect (at -0.65 -0.8625 90) (size 0.45 0.425) (layers F.Cu F.Paste F.Mask)
      (net 6 PHASE_A))
    (pad 7 smd rect (at -0.5 0 90) (size 0.7 1) (layers F.Cu F.Paste F.Mask)
      (net 6 PHASE_A))
    (pad 8 smd rect (at 0.5 0 90) (size 0.7 1) (layers F.Cu F.Paste F.Mask)
      (net 6 PHASE_A))
  )

  (module blheli_esc:UT6MA3 (layer F.Cu) (tedit 5C2A9376) (tstamp 5C6A5EDB)
    (at 176.276 74.676 90)
    (path /5C2BCBF3)
    (fp_text reference FET2 (at -3.556 0 90) (layer F.Fab)
      (effects (font (size 1 1) (thickness 0.15)))
    )
    (fp_text value UT6MA3 (at 0 -2.54 90) (layer F.Fab)
      (effects (font (size 1 1) (thickness 0.15)))
    )
    (fp_circle (center -1.2 0.6) (end -1 0.6) (layer F.SilkS) (width 0.15))
    (pad 1 smd rect (at -0.65 0.8625 90) (size 0.45 0.425) (layers F.Cu F.Paste F.Mask)
      (net 1 GND))
    (pad 2 smd rect (at 0 0.8625 90) (size 0.45 0.425) (layers F.Cu F.Paste F.Mask)
      (net 8 BP))
    (pad 3 smd rect (at 0.65 0.8625 90) (size 0.45 0.425) (layers F.Cu F.Paste F.Mask)
      (net 9 PHASE_B))
    (pad 4 smd rect (at 0.65 -0.8625 90) (size 0.45 0.425) (layers F.Cu F.Paste F.Mask)
      (net 2 V_BATT))
    (pad 5 smd rect (at 0 -0.8625 90) (size 0.45 0.425) (layers F.Cu F.Paste F.Mask)
      (net 10 "Net-(FET2-Pad5)"))
    (pad 6 smd rect (at -0.65 -0.8625 90) (size 0.45 0.425) (layers F.Cu F.Paste F.Mask)
      (net 9 PHASE_B))
    (pad 7 smd rect (at -0.5 0 90) (size 0.7 1) (layers F.Cu F.Paste F.Mask)
      (net 9 PHASE_B))
    (pad 8 smd rect (at 0.5 0 90) (size 0.7 1) (layers F.Cu F.Paste F.Mask)
      (net 9 PHASE_B))
  )

  (module blheli_esc:UT6MA3 (layer F.Cu) (tedit 5C2CF4BE) (tstamp 5C6066E4)
    (at 176.276 80.264 90)
    (path /5C2BFDE6)
    (fp_text reference FET3 (at 0 2.54 90) (layer F.Fab)
      (effects (font (size 1 1) (thickness 0.15)))
    )
    (fp_text value UT6MA3 (at 0 -2.032 90) (layer F.Fab)
      (effects (font (size 1 1) (thickness 0.15)))
    )
    (fp_circle (center -1.2 0.6) (end -1 0.6) (layer F.SilkS) (width 0.15))
    (pad 8 smd rect (at 0.5 0 90) (size 0.7 1) (layers F.Cu F.Paste F.Mask)
      (net 11 PHASE_C))
    (pad 7 smd rect (at -0.5 0 90) (size 0.7 1) (layers F.Cu F.Paste F.Mask)
      (net 11 PHASE_C))
    (pad 6 smd rect (at -0.65 -0.8625 90) (size 0.45 0.425) (layers F.Cu F.Paste F.Mask)
      (net 11 PHASE_C))
    (pad 5 smd rect (at 0 -0.8625 90) (size 0.45 0.425) (layers F.Cu F.Paste F.Mask)
      (net 12 "Net-(FET3-Pad5)"))
    (pad 4 smd rect (at 0.65 -0.8625 90) (size 0.45 0.425) (layers F.Cu F.Paste F.Mask)
      (net 2 V_BATT))
    (pad 3 smd rect (at 0.65 0.8625 90) (size 0.45 0.425) (layers F.Cu F.Paste F.Mask)
      (net 11 PHASE_C))
    (pad 2 smd rect (at 0 0.8625 90) (size 0.45 0.425) (layers F.Cu F.Paste F.Mask)
      (net 13 CP))
    (pad 1 smd rect (at -0.65 0.8625 90) (size 0.45 0.425) (layers F.Cu F.Paste F.Mask)
      (net 1 GND))
  )

  (module TestPoint:TestPoint_Pad_3.0x3.0mm (layer F.Cu) (tedit 5C2CF40F) (tstamp 5C60675B)
    (at 148.971 77.597)
    (descr "SMD rectangular pad as test Point, square 3.0mm side length")
    (tags "test point SMD pad rectangle square")
    (path /5C33EEBB)
    (attr virtual)
    (fp_text reference PAD1 (at 0.0635 -0.5715) (layer F.Fab)
      (effects (font (size 1 1) (thickness 0.15)))
    )
    (fp_text value PAD (at 0 2.55) (layer F.Fab)
      (effects (font (size 1 1) (thickness 0.15)))
    )
    (fp_line (start 2 2) (end -2 2) (layer F.CrtYd) (width 0.05))
    (fp_line (start 2 2) (end 2 -2) (layer F.CrtYd) (width 0.05))
    (fp_line (start -2 -2) (end -2 2) (layer F.CrtYd) (width 0.05))
    (fp_line (start -2 -2) (end 2 -2) (layer F.CrtYd) (width 0.05))
    (fp_line (start -1.7 1.7) (end -1.7 -1.7) (layer F.SilkS) (width 0.12))
    (fp_line (start 1.7 1.7) (end -1.7 1.7) (layer F.SilkS) (width 0.12))
    (fp_line (start 1.7 -1.7) (end 1.7 1.7) (layer F.SilkS) (width 0.12))
    (fp_line (start -1.7 -1.7) (end 1.7 -1.7) (layer F.SilkS) (width 0.12))
    (fp_text user %R (at 0 -2.4) (layer F.Fab)
      (effects (font (size 1 1) (thickness 0.15)))
    )
    (pad 1 smd rect (at 0 0) (size 3 3) (layers F.Cu F.Mask)
      (net 2 V_BATT))
  )

  (module TestPoint:TestPoint_Pad_3.0x3.0mm (layer B.Cu) (tedit 5C2CF41B) (tstamp 5C424A18)
    (at 148.971 81.026)
    (descr "SMD rectangular pad as test Point, square 3.0mm side length")
    (tags "test point SMD pad rectangle square")
    (path /5C33EF1B)
    (attr virtual)
    (fp_text reference PAD2 (at 0 2.398) (layer B.Fab)
      (effects (font (size 1 1) (thickness 0.15)) (justify mirror))
    )
    (fp_text value PAD (at 0 -2.55) (layer B.Fab)
      (effects (font (size 1 1) (thickness 0.15)) (justify mirror))
    )
    (fp_text user %R (at 0 2.4) (layer B.Fab)
      (effects (font (size 1 1) (thickness 0.15)) (justify mirror))
    )
    (fp_line (start -1.7 1.7) (end 1.7 1.7) (layer B.SilkS) (width 0.12))
    (fp_line (start 1.7 1.7) (end 1.7 -1.7) (layer B.SilkS) (width 0.12))
    (fp_line (start 1.7 -1.7) (end -1.7 -1.7) (layer B.SilkS) (width 0.12))
    (fp_line (start -1.7 -1.7) (end -1.7 1.7) (layer B.SilkS) (width 0.12))
    (fp_line (start -2 2) (end 2 2) (layer B.CrtYd) (width 0.05))
    (fp_line (start -2 2) (end -2 -2) (layer B.CrtYd) (width 0.05))
    (fp_line (start 2 -2) (end 2 2) (layer B.CrtYd) (width 0.05))
    (fp_line (start 2 -2) (end -2 -2) (layer B.CrtYd) (width 0.05))
    (pad 1 smd rect (at 0 0) (size 3 3) (layers B.Cu B.Mask)
      (net 1 GND))
  )

  (module Package_TO_SOT_SMD:SOT-23 (layer F.Cu) (tedit 5C2CF492) (tstamp 5C609BC9)
    (at 170.18 69.088)
    (descr "SOT-23, Standard")
    (tags SOT-23)
    (path /5C2A8EA1)
    (attr smd)
    (fp_text reference Q1 (at 0 -2.5) (layer F.Fab)
      (effects (font (size 1 1) (thickness 0.15)))
    )
    (fp_text value BC847 (at 0 2.5) (layer F.Fab)
      (effects (font (size 1 1) (thickness 0.15)))
    )
    (fp_text user %R (at 0 0 90) (layer F.Fab)
      (effects (font (size 0.5 0.5) (thickness 0.075)))
    )
    (fp_line (start -0.7 -0.95) (end -0.7 1.5) (layer F.Fab) (width 0.1))
    (fp_line (start -0.15 -1.52) (end 0.7 -1.52) (layer F.Fab) (width 0.1))
    (fp_line (start -0.7 -0.95) (end -0.15 -1.52) (layer F.Fab) (width 0.1))
    (fp_line (start 0.7 -1.52) (end 0.7 1.52) (layer F.Fab) (width 0.1))
    (fp_line (start -0.7 1.52) (end 0.7 1.52) (layer F.Fab) (width 0.1))
    (fp_line (start 0.76 1.58) (end 0.76 0.65) (layer F.SilkS) (width 0.12))
    (fp_line (start 0.76 -1.58) (end 0.76 -0.65) (layer F.SilkS) (width 0.12))
    (fp_line (start -1.7 -1.75) (end 1.7 -1.75) (layer F.CrtYd) (width 0.05))
    (fp_line (start 1.7 -1.75) (end 1.7 1.75) (layer F.CrtYd) (width 0.05))
    (fp_line (start 1.7 1.75) (end -1.7 1.75) (layer F.CrtYd) (width 0.05))
    (fp_line (start -1.7 1.75) (end -1.7 -1.75) (layer F.CrtYd) (width 0.05))
    (fp_line (start 0.76 -1.58) (end -1.4 -1.58) (layer F.SilkS) (width 0.12))
    (fp_line (start 0.76 1.58) (end -0.7 1.58) (layer F.SilkS) (width 0.12))
    (pad 1 smd rect (at -1 -0.95) (size 0.9 0.8) (layers F.Cu F.Paste F.Mask)
      (net 16 "Net-(Q1-Pad1)"))
    (pad 2 smd rect (at -1 0.95) (size 0.9 0.8) (layers F.Cu F.Paste F.Mask)
      (net 1 GND))
    (pad 3 smd rect (at 1 0) (size 0.9 0.8) (layers F.Cu F.Paste F.Mask)
      (net 7 "Net-(FET1-Pad5)"))
    (model ${KISYS3DMOD}/Package_TO_SOT_SMD.3dshapes/SOT-23.wrl
      (at (xyz 0 0 0))
      (scale (xyz 1 1 1))
      (rotate (xyz 0 0 0))
    )
  )

  (module Package_TO_SOT_SMD:SOT-23 (layer F.Cu) (tedit 5C2CF498) (tstamp 5C609968)
    (at 170.18 74.676)
    (descr "SOT-23, Standard")
    (tags SOT-23)
    (path /5C2BCBED)
    (attr smd)
    (fp_text reference Q2 (at 0 -2.5) (layer F.Fab)
      (effects (font (size 1 1) (thickness 0.15)))
    )
    (fp_text value BC847 (at 0 2.5) (layer F.Fab)
      (effects (font (size 1 1) (thickness 0.15)))
    )
    (fp_line (start 0.76 1.58) (end -0.7 1.58) (layer F.SilkS) (width 0.12))
    (fp_line (start 0.76 -1.58) (end -1.4 -1.58) (layer F.SilkS) (width 0.12))
    (fp_line (start -1.7 1.75) (end -1.7 -1.75) (layer F.CrtYd) (width 0.05))
    (fp_line (start 1.7 1.75) (end -1.7 1.75) (layer F.CrtYd) (width 0.05))
    (fp_line (start 1.7 -1.75) (end 1.7 1.75) (layer F.CrtYd) (width 0.05))
    (fp_line (start -1.7 -1.75) (end 1.7 -1.75) (layer F.CrtYd) (width 0.05))
    (fp_line (start 0.76 -1.58) (end 0.76 -0.65) (layer F.SilkS) (width 0.12))
    (fp_line (start 0.76 1.58) (end 0.76 0.65) (layer F.SilkS) (width 0.12))
    (fp_line (start -0.7 1.52) (end 0.7 1.52) (layer F.Fab) (width 0.1))
    (fp_line (start 0.7 -1.52) (end 0.7 1.52) (layer F.Fab) (width 0.1))
    (fp_line (start -0.7 -0.95) (end -0.15 -1.52) (layer F.Fab) (width 0.1))
    (fp_line (start -0.15 -1.52) (end 0.7 -1.52) (layer F.Fab) (width 0.1))
    (fp_line (start -0.7 -0.95) (end -0.7 1.5) (layer F.Fab) (width 0.1))
    (fp_text user %R (at 0 0 90) (layer F.Fab)
      (effects (font (size 0.5 0.5) (thickness 0.075)))
    )
    (pad 3 smd rect (at 1 0) (size 0.9 0.8) (layers F.Cu F.Paste F.Mask)
      (net 10 "Net-(FET2-Pad5)"))
    (pad 2 smd rect (at -1 0.95) (size 0.9 0.8) (layers F.Cu F.Paste F.Mask)
      (net 1 GND))
    (pad 1 smd rect (at -1 -0.95) (size 0.9 0.8) (layers F.Cu F.Paste F.Mask)
      (net 17 "Net-(Q2-Pad1)"))
    (model ${KISYS3DMOD}/Package_TO_SOT_SMD.3dshapes/SOT-23.wrl
      (at (xyz 0 0 0))
      (scale (xyz 1 1 1))
      (rotate (xyz 0 0 0))
    )
  )

  (module Package_TO_SOT_SMD:SOT-23 (layer F.Cu) (tedit 5C2CF49E) (tstamp 5C6099F6)
    (at 170.196 80.264)
    (descr "SOT-23, Standard")
    (tags SOT-23)
    (path /5C2BFDE0)
    (attr smd)
    (fp_text reference Q3 (at 0 -2.5) (layer F.Fab)
      (effects (font (size 1 1) (thickness 0.15)))
    )
    (fp_text value BC847 (at 0 2.5) (layer F.Fab)
      (effects (font (size 1 1) (thickness 0.15)))
    )
    (fp_text user %R (at 0 0 90) (layer F.Fab)
      (effects (font (size 0.5 0.5) (thickness 0.075)))
    )
    (fp_line (start -0.7 -0.95) (end -0.7 1.5) (layer F.Fab) (width 0.1))
    (fp_line (start -0.15 -1.52) (end 0.7 -1.52) (layer F.Fab) (width 0.1))
    (fp_line (start -0.7 -0.95) (end -0.15 -1.52) (layer F.Fab) (width 0.1))
    (fp_line (start 0.7 -1.52) (end 0.7 1.52) (layer F.Fab) (width 0.1))
    (fp_line (start -0.7 1.52) (end 0.7 1.52) (layer F.Fab) (width 0.1))
    (fp_line (start 0.76 1.58) (end 0.76 0.65) (layer F.SilkS) (width 0.12))
    (fp_line (start 0.76 -1.58) (end 0.76 -0.65) (layer F.SilkS) (width 0.12))
    (fp_line (start -1.7 -1.75) (end 1.7 -1.75) (layer F.CrtYd) (width 0.05))
    (fp_line (start 1.7 -1.75) (end 1.7 1.75) (layer F.CrtYd) (width 0.05))
    (fp_line (start 1.7 1.75) (end -1.7 1.75) (layer F.CrtYd) (width 0.05))
    (fp_line (start -1.7 1.75) (end -1.7 -1.75) (layer F.CrtYd) (width 0.05))
    (fp_line (start 0.76 -1.58) (end -1.4 -1.58) (layer F.SilkS) (width 0.12))
    (fp_line (start 0.76 1.58) (end -0.7 1.58) (layer F.SilkS) (width 0.12))
    (pad 1 smd rect (at -1 -0.95) (size 0.9 0.8) (layers F.Cu F.Paste F.Mask)
      (net 18 "Net-(Q3-Pad1)"))
    (pad 2 smd rect (at -1 0.95) (size 0.9 0.8) (layers F.Cu F.Paste F.Mask)
      (net 1 GND))
    (pad 3 smd rect (at 1 0) (size 0.9 0.8) (layers F.Cu F.Paste F.Mask)
      (net 12 "Net-(FET3-Pad5)"))
    (model ${KISYS3DMOD}/Package_TO_SOT_SMD.3dshapes/SOT-23.wrl
      (at (xyz 0 0 0))
      (scale (xyz 1 1 1))
      (rotate (xyz 0 0 0))
    )
  )

  (module Resistor_SMD:R_0603_1608Metric (layer F.Cu) (tedit 5C2CF6D3) (tstamp 5C6067B9)
    (at 154.851 72.771 180)
    (descr "Resistor SMD 0603 (1608 Metric), square (rectangular) end terminal, IPC_7351 nominal, (Body size source: http://www.tortai-tech.com/upload/download/2011102023233369053.pdf), generated with kicad-footprint-generator")
    (tags resistor)
    (path /5C2A8B2F)
    (attr smd)
