(kicad_pcb (version 20171130) (host pcbnew 5.0.2-bee76a0~70~ubuntu18.04.1)

  (general
    (thickness 1.6)
    (drawings 0)
    (tracks 92)
    (zones 0)
    (modules 45)
    (nets 29)
  )

  (page A4)
  (layers
    (0 F.Cu signal)
    (31 B.Cu signal)
    (32 B.Adhes user)
    (33 F.Adhes user)
    (34 B.Paste user)
    (35 F.Paste user)
    (36 B.SilkS user)
    (37 F.SilkS user)
    (38 B.Mask user)
    (39 F.Mask user)
    (40 Dwgs.User user)
    (41 Cmts.User user)
    (42 Eco1.User user)
    (43 Eco2.User user)
    (44 Edge.Cuts user)
    (45 Margin user)
    (46 B.CrtYd user)
    (47 F.CrtYd user)
    (48 B.Fab user)
    (49 F.Fab user)
  )

  (setup
    (last_trace_width 0.25)
    (trace_clearance 0.2)
    (zone_clearance 0.508)
    (zone_45_only no)
    (trace_min 0.2)
    (segment_width 0.2)
    (edge_width 0.15)
    (via_size 0.8)
    (via_drill 0.4)
    (via_min_size 0.4)
    (via_min_drill 0.3)
    (uvia_size 0.3)
    (uvia_drill 0.1)
    (uvias_allowed no)
    (uvia_min_size 0.2)
    (uvia_min_drill 0.1)
    (pcb_text_width 0.3)
    (pcb_text_size 1.5 1.5)
    (mod_edge_width 0.15)
    (mod_text_size 1 1)
    (mod_text_width 0.15)
    (pad_size 1.524 1.524)
    (pad_drill 0.762)
    (pad_to_mask_clearance 0.051)
    (solder_mask_min_width 0.25)
    (aux_axis_origin 0 0)
    (visible_elements FFFFFF7F)
    (pcbplotparams
      (layerselection 0x010fc_ffffffff)
      (usegerberextensions false)
      (usegerberattributes false)
      (usegerberadvancedattributes false)
      (creategerberjobfile false)
      (excludeedgelayer true)
      (linewidth 0.100000)
      (plotframeref false)
      (viasonmask false)
      (mode 1)
      (useauxorigin false)
      (hpglpennumber 1)
      (hpglpenspeed 20)
      (hpglpendiameter 15.000000)
      (psnegative false)
      (psa4output false)
      (plotreference true)
      (plotvalue true)
      (plotinvisibletext false)
      (padsonsilk false)
      (subtractmaskfromsilk false)
      (outputformat 1)
      (mirror false)
      (drillshape 1)
      (scaleselection 1)
      (outputdirectory ""))
  )

  (net 0 "")
  (net 1 GND)
  (net 2 V_BATT)
  (net 3 3V3)
  (net 4 "Net-(D1-Pad1)")
  (net 5 AP)
  (net 6 PHASE_A)
  (net 7 "Net-(FET1-Pad5)")
  (net 8 BP)
  (net 9 PHASE_B)
  (net 10 "Net-(FET2-Pad5)")
  (net 11 PHASE_C)
  (net 12 "Net-(FET3-Pad5)")
  (net 13 CP)
  (net 14 RC_IN)
  (net 15 "Net-(J1-Pad2)")
  (net 16 "Net-(Q1-Pad1)")
  (net 17 "Net-(Q2-Pad1)")
  (net 18 "Net-(Q3-Pad1)")
  (net 19 C2CK)
  (net 20 SENSE)
  (net 21 A_SENSE)
  (net 22 B_SENSE)
  (net 23 C_SENSE)
  (net 24 AC)
  (net 25 BC)
  (net 26 CC)
  (net 27 C2D)
  (net 28 TX2)

  (net_class Default "This is the default net class."
    (clearance 0.2)
    (trace_width 0.25)
    (via_dia 0.8)
    (via_drill 0.4)
    (uvia_dia 0.3)
    (uvia_drill 0.1)
    (add_net 3V3)
    (add_net AC)
    (add_net AP)
    (add_net A_SENSE)
    (add_net BC)
    (add_net BP)
    (add_net B_SENSE)
    (add_net C2CK)
    (add_net C2D)
    (add_net CC)
    (add_net CP)
    (add_net C_SENSE)
    (add_net GND)
    (add_net "Net-(D1-Pad1)")
    (add_net "Net-(FET1-Pad5)")
    (add_net "Net-(FET2-Pad5)")
    (add_net "Net-(FET3-Pad5)")
    (add_net "Net-(J1-Pad2)")
    (add_net "Net-(Q1-Pad1)")
    (add_net "Net-(Q2-Pad1)")
    (add_net "Net-(Q3-Pad1)")
    (add_net PHASE_A)
    (add_net PHASE_B)
    (add_net PHASE_C)
    (add_net RC_IN)
    (add_net SENSE)
    (add_net TX2)
    (add_net V_BATT)
  )

  (module Resistor_SMD:R_0603_1608Metric (layer F.Cu) (tedit 5B301BBD) (tstamp 5C6067DB)
    (at 154.851 69.596 180)
    (descr "Resistor SMD 0603 (1608 Metric), square (rectangular) end terminal, IPC_7351 nominal, (Body size source: http://www.tortai-tech.com/upload/download/2011102023233369053.pdf), generated with kicad-footprint-generator")
    (tags resistor)
    (path /5C2B32E8)
    (attr smd)
    (fp_text reference R3 (at 0 -1.43 180) (layer F.SilkS)
      (effects (font (size 1 1) (thickness 0.15)))
    )
    (fp_text value 10k (at 0 1.43 180) (layer F.Fab)
      (effects (font (size 1 1) (thickness 0.15)))
    )
    (fp_line (start -0.8 0.4) (end -0.8 -0.4) (layer F.Fab) (width 0.1))
    (fp_line (start -0.8 -0.4) (end 0.8 -0.4) (layer F.Fab) (width 0.1))
    (fp_line (start 0.8 -0.4) (end 0.8 0.4) (layer F.Fab) (width 0.1))
    (fp_line (start 0.8 0.4) (end -0.8 0.4) (layer F.Fab) (width 0.1))
    (fp_line (start -0.162779 -0.51) (end 0.162779 -0.51) (layer F.SilkS) (width 0.12))
    (fp_line (start -0.162779 0.51) (end 0.162779 0.51) (layer F.SilkS) (width 0.12))
    (fp_line (start -1.48 0.73) (end -1.48 -0.73) (layer F.CrtYd) (width 0.05))
    (fp_line (start -1.48 -0.73) (end 1.48 -0.73) (layer F.CrtYd) (width 0.05))
    (fp_line (start 1.48 -0.73) (end 1.48 0.73) (layer F.CrtYd) (width 0.05))
    (fp_line (start 1.48 0.73) (end -1.48 0.73) (layer F.CrtYd) (width 0.05))
    (fp_text user %R (at 0 0 180) (layer F.Fab)
      (effects (font (size 0.4 0.4) (thickness 0.06)))
    )
    (pad 1 smd roundrect (at -0.7875 0 180) (size 0.875 0.95) (layers F.Cu F.Paste F.Mask) (roundrect_rratio 0.25)
      (net 22 B_SENSE))
    (pad 2 smd roundrect (at 0.7875 0 180) (size 0.875 0.95) (layers F.Cu F.Paste F.Mask) (roundrect_rratio 0.25)
      (net 20 SENSE))
    (model ${KISYS3DMOD}/Resistor_SMD.3dshapes/R_0603_1608Metric.wrl
      (at (xyz 0 0 0))
      (scale (xyz 1 1 1))
      (rotate (xyz 0 0 0))
    )
  )

  (module Resistor_SMD:R_0603_1608Metric (layer F.Cu) (tedit 5B301BBD) (tstamp 5C6067FD)
    (at 166.9035 68.072 180)
    (descr "Resistor SMD 0603 (1608 Metric), square (rectangular) end terminal, IPC_7351 nominal, (Body size source: http://www.tortai-tech.com/upload/download/2011102023233369053.pdf), generated with kicad-footprint-generator")
    (tags resistor)
    (path /5C2A957A)
    (attr smd)
    (fp_text reference R5 (at 2.3115 0 180) (layer F.SilkS)
      (effects (font (size 1 1) (thickness 0.15)))
    )
    (fp_text value 1k (at 0 1.43 180) (layer F.Fab)
      (effects (font (size 1 1) (thickness 0.15)))
    )
    (fp_text user %R (at 0 0 180) (layer F.Fab)
      (effects (font (size 0.4 0.4) (thickness 0.06)))
    )
    (fp_line (start 1.48 0.73) (end -1.48 0.73) (layer F.CrtYd) (width 0.05))
    (fp_line (start 1.48 -0.73) (end 1.48 0.73) (layer F.CrtYd) (width 0.05))
    (fp_line (start -1.48 -0.73) (end 1.48 -0.73) (layer F.CrtYd) (width 0.05))
    (fp_line (start -1.48 0.73) (end -1.48 -0.73) (layer F.CrtYd) (width 0.05))
    (fp_line (start -0.162779 0.51) (end 0.162779 0.51) (layer F.SilkS) (width 0.12))
    (fp_line (start -0.162779 -0.51) (end 0.162779 -0.51) (layer F.SilkS) (width 0.12))
    (fp_line (start 0.8 0.4) (end -0.8 0.4) (layer F.Fab) (width 0.1))
    (fp_line (start 0.8 -0.4) (end 0.8 0.4) (layer F.Fab) (width 0.1))
    (fp_line (start -0.8 -0.4) (end 0.8 -0.4) (layer F.Fab) (width 0.1))
    (fp_line (start -0.8 0.4) (end -0.8 -0.4) (layer F.Fab) (width 0.1))
    (pad 2 smd roundrect (at 0.7875 0 180) (size 0.875 0.95) (layers F.Cu F.Paste F.Mask) (roundrect_rratio 0.25)
      (net 24 AC))
    (pad 1 smd roundrect (at -0.7875 0 180) (size 0.875 0.95) (layers F.Cu F.Paste F.Mask) (roundrect_rratio 0.25)
      (net 16 "Net-(Q1-Pad1)"))
    (model ${KISYS3DMOD}/Resistor_SMD.3dshapes/R_0603_1608Metric.wrl
      (at (xyz 0 0 0))
      (scale (xyz 1 1 1))
      (rotate (xyz 0 0 0))
    )
  )

  (module Resistor_SMD:R_0603_1608Metric (layer F.Cu) (tedit 5B301BBD) (tstamp 5C607446)
    (at 166.9035 70.104 180)
    (descr "Resistor SMD 0603 (1608 Metric), square (rectangular) end terminal, IPC_7351 nominal, (Body size source: http://www.tortai-tech.com/upload/download/2011102023233369053.pdf), generated with kicad-footprint-generator")
    (tags resistor)
    (path /5C2A95EE)
    (attr smd)
    (fp_text reference R8 (at 2.3115 0 180) (layer F.SilkS)
      (effects (font (size 1 1) (thickness 0.15)))
    )
    (fp_text value 100k (at 0.2795 -1.524 180) (layer F.Fab)
      (effects (font (size 1 1) (thickness 0.15)))
    )
    (fp_line (start -0.8 0.4) (end -0.8 -0.4) (layer F.Fab) (width 0.1))
    (fp_line (start -0.8 -0.4) (end 0.8 -0.4) (layer F.Fab) (width 0.1))
    (fp_line (start 0.8 -0.4) (end 0.8 0.4) (layer F.Fab) (width 0.1))
    (fp_line (start 0.8 0.4) (end -0.8 0.4) (layer F.Fab) (width 0.1))
    (fp_line (start -0.162779 -0.51) (end 0.162779 -0.51) (layer F.SilkS) (width 0.12))
    (fp_line (start -0.162779 0.51) (end 0.162779 0.51) (layer F.SilkS) (width 0.12))
    (fp_line (start -1.48 0.73) (end -1.48 -0.73) (layer F.CrtYd) (width 0.05))
    (fp_line (start -1.48 -0.73) (end 1.48 -0.73) (layer F.CrtYd) (width 0.05))
    (fp_line (start 1.48 -0.73) (end 1.48 0.73) (layer F.CrtYd) (width 0.05))
    (fp_line (start 1.48 0.73) (end -1.48 0.73) (layer F.CrtYd) (width 0.05))
    (fp_text user %R (at 0 0 180) (layer F.Fab)
      (effects (font (size 0.4 0.4) (thickness 0.06)))
    )
    (pad 1 smd roundrect (at -0.7875 0 180) (size 0.875 0.95) (layers F.Cu F.Paste F.Mask) (roundrect_rratio 0.25)
      (net 1 GND))
    (pad 2 smd roundrect (at 0.7875 0 180) (size 0.875 0.95) (layers F.Cu F.Paste F.Mask) (roundrect_rratio 0.25)
      (net 16 "Net-(Q1-Pad1)"))
    (model ${KISYS3DMOD}/Resistor_SMD.3dshapes/R_0603_1608Metric.wrl
      (at (xyz 0 0 0))
      (scale (xyz 1 1 1))
      (rotate (xyz 0 0 0))
    )
  )

  (module Capacitor_SMD:C_0603_1608Metric (layer F.Cu) (tedit 5B301BBE) (tstamp 5C606660)
    (at 131.5465 76.0095)
    (descr "Capacitor SMD 0603 (1608 Metric), square (rectangular) end terminal, IPC_7351 nominal, (Body size source: http://www.tortai-tech.com/upload/download/2011102023233369053.pdf), generated with kicad-footprint-generator")
    (tags capacitor)
    (path /5C3B2109)
    (attr smd)
    (fp_text reference C1 (at 0 -1.43) (layer F.SilkS)
      (effects (font (size 1 1) (thickness 0.15)))
    )
    (fp_text value 22u (at 0 1.43) (layer F.Fab)
      (effects (font (size 1 1) (thickness 0.15)))
    )
    (fp_text user %R (at 0 0) (layer F.Fab)
      (effects (font (size 0.4 0.4) (thickness 0.06)))
    )
    (fp_line (start 1.48 0.73) (end -1.48 0.73) (layer F.CrtYd) (width 0.05))
    (fp_line (start 1.48 -0.73) (end 1.48 0.73) (layer F.CrtYd) (width 0.05))
    (fp_line (start -1.48 -0.73) (end 1.48 -0.73) (layer F.CrtYd) (width 0.05))
    (fp_line (start -1.48 0.73) (end -1.48 -0.73) (layer F.CrtYd) (width 0.05))
    (fp_line (start -0.162779 0.51) (end 0.162779 0.51) (layer F.SilkS) (width 0.12))
    (fp_line (start -0.162779 -0.51) (end 0.162779 -0.51) (layer F.SilkS) (width 0.12))
    (fp_line (start 0.8 0.4) (end -0.8 0.4) (layer F.Fab) (width 0.1))
    (fp_line (start 0.8 -0.4) (end 0.8 0.4) (layer F.Fab) (width 0.1))
    (fp_line (start -0.8 -0.4) (end 0.8 -0.4) (layer F.Fab) (width 0.1))
    (fp_line (start -0.8 0.4) (end -0.8 -0.4) (layer F.Fab) (width 0.1))
    (pad 2 smd roundrect (at 0.7875 0) (size 0.875 0.95) (layers F.Cu F.Paste F.Mask) (roundrect_rratio 0.25)
      (net 1 GND))
    (pad 1 smd roundrect (at -0.7875 0) (size 0.875 0.95) (layers F.Cu F.Paste F.Mask) (roundrect_rratio 0.25)
      (net 2 V_BATT))
    (model ${KISYS3DMOD}/Capacitor_SMD.3dshapes/C_0603_1608Metric.wrl
      (at (xyz 0 0 0))
      (scale (xyz 1 1 1))
      (rotate (xyz 0 0 0))
    )
  )

  (module Capacitor_SMD:C_0603_1608Metric (layer F.Cu) (tedit 5B301BBE) (tstamp 5C606671)
    (at 132.118 80.391)
    (descr "Capacitor SMD 0603 (1608 Metric), square (rectangular) end terminal, IPC_7351 nominal, (Body size source: http://www.tortai-tech.com/upload/download/2011102023233369053.pdf), generated with kicad-footprint-generator")
    (tags capacitor)
    (path /5C3B208B)
    (attr smd)
    (fp_text reference C2 (at 0 -1.43) (layer F.SilkS)
      (effects (font (size 1 1) (thickness 0.15)))
    )
    (fp_text value 22u (at 0 1.43) (layer F.Fab)
      (effects (font (size 1 1) (thickness 0.15)))
    )
    (fp_line (start -0.8 0.4) (end -0.8 -0.4) (layer F.Fab) (width 0.1))
    (fp_line (start -0.8 -0.4) (end 0.8 -0.4) (layer F.Fab) (width 0.1))
    (fp_line (start 0.8 -0.4) (end 0.8 0.4) (layer F.Fab) (width 0.1))
    (fp_line (start 0.8 0.4) (end -0.8 0.4) (layer F.Fab) (width 0.1))
    (fp_line (start -0.162779 -0.51) (end 0.162779 -0.51) (layer F.SilkS) (width 0.12))
    (fp_line (start -0.162779 0.51) (end 0.162779 0.51) (layer F.SilkS) (width 0.12))
    (fp_line (start -1.48 0.73) (end -1.48 -0.73) (layer F.CrtYd) (width 0.05))
    (fp_line (start -1.48 -0.73) (end 1.48 -0.73) (layer F.CrtYd) (width 0.05))
    (fp_line (start 1.48 -0.73) (end 1.48 0.73) (layer F.CrtYd) (width 0.05))
    (fp_line (start 1.48 0.73) (end -1.48 0.73) (layer F.CrtYd) (width 0.05))
    (fp_text user %R (at 0 0) (layer F.Fab)
      (effects (font (size 0.4 0.4) (thickness 0.06)))
    )
    (pad 1 smd roundrect (at -0.7875 0) (size 0.875 0.95) (layers F.Cu F.Paste F.Mask) (roundrect_rratio 0.25)
      (net 2 V_BATT))
    (pad 2 smd roundrect (at 0.7875 0) (size 0.875 0.95) (layers F.Cu F.Paste F.Mask) (roundrect_rratio 0.25)
      (net 1 GND))
    (model ${KISYS3DMOD}/Capacitor_SMD.3dshapes/C_0603_1608Metric.wrl
      (at (xyz 0 0 0))
      (scale (xyz 1 1 1))
      (rotate (xyz 0 0 0))
    )
  )

  (module Capacitor_SMD:C_0603_1608Metric (layer F.Cu) (tedit 5B301BBE) (tstamp 5C606682)
    (at 126.403 84.0105)
    (descr "Capacitor SMD 0603 (1608 Metric), square (rectangular) end terminal, IPC_7351 nominal, (Body size source: http://www.tortai-tech.com/upload/download/2011102023233369053.pdf), generated with kicad-footprint-generator")
    (tags capacitor)
    (path /5C3A6EE7)
    (attr smd)
    (fp_text reference C3 (at 0 -1.43) (layer F.SilkS)
      (effects (font (size 1 1) (thickness 0.15)))
    )
    (fp_text value 22u (at 0 1.43) (layer F.Fab)
      (effects (font (size 1 1) (thickness 0.15)))
    )
    (fp_text user %R (at 0 0) (layer F.Fab)
      (effects (font (size 0.4 0.4) (thickness 0.06)))
    )
    (fp_line (start 1.48 0.73) (end -1.48 0.73) (layer F.CrtYd) (width 0.05))
    (fp_line (start 1.48 -0.73) (end 1.48 0.73) (layer F.CrtYd) (width 0.05))
    (fp_line (start -1.48 -0.73) (end 1.48 -0.73) (layer F.CrtYd) (width 0.05))
    (fp_line (start -1.48 0.73) (end -1.48 -0.73) (layer F.CrtYd) (width 0.05))
    (fp_line (start -0.162779 0.51) (end 0.162779 0.51) (layer F.SilkS) (width 0.12))
    (fp_line (start -0.162779 -0.51) (end 0.162779 -0.51) (layer F.SilkS) (width 0.12))
    (fp_line (start 0.8 0.4) (end -0.8 0.4) (layer F.Fab) (width 0.1))
    (fp_line (start 0.8 -0.4) (end 0.8 0.4) (layer F.Fab) (width 0.1))
    (fp_line (start -0.8 -0.4) (end 0.8 -0.4) (layer F.Fab) (width 0.1))
    (fp_line (start -0.8 0.4) (end -0.8 -0.4) (layer F.Fab) (width 0.1))
    (pad 2 smd roundrect (at 0.7875 0) (size 0.875 0.95) (layers F.Cu F.Paste F.Mask) (roundrect_rratio 0.25)
      (net 1 GND))
    (pad 1 smd roundrect (at -0.7875 0) (size 0.875 0.95) (layers F.Cu F.Paste F.Mask) (roundrect_rratio 0.25)
      (net 2 V_BATT))
    (model ${KISYS3DMOD}/Capacitor_SMD.3dshapes/C_0603_1608Metric.wrl
      (at (xyz 0 0 0))
      (scale (xyz 1 1 1))
      (rotate (xyz 0 0 0))
    )
  )

  (module Capacitor_SMD:C_0603_1608Metric (layer F.Cu) (tedit 5B301BBE) (tstamp 5C606693)
    (at 156.9085 81.5085 270)
    (descr "Capacitor SMD 0603 (1608 Metric), square (rectangular) end terminal, IPC_7351 nominal, (Body size source: http://www.tortai-tech.com/upload/download/2011102023233369053.pdf), generated with kicad-footprint-generator")
    (tags capacitor)
    (path /5C2A8A01)
    (attr smd)
    (fp_text reference C5 (at 0 -1.43 270) (layer F.SilkS)
      (effects (font (size 1 1) (thickness 0.15)))
    )
    (fp_text value 100n (at 0 1.43 270) (layer F.Fab)
      (effects (font (size 1 1) (thickness 0.15)))
    )
    (fp_line (start -0.8 0.4) (end -0.8 -0.4) (layer F.Fab) (width 0.1))
    (fp_line (start -0.8 -0.4) (end 0.8 -0.4) (layer F.Fab) (width 0.1))
    (fp_line (start 0.8 -0.4) (end 0.8 0.4) (layer F.Fab) (width 0.1))
    (fp_line (start 0.8 0.4) (end -0.8 0.4) (layer F.Fab) (width 0.1))
    (fp_line (start -0.162779 -0.51) (end 0.162779 -0.51) (layer F.SilkS) (width 0.12))
    (fp_line (start -0.162779 0.51) (end 0.162779 0.51) (layer F.SilkS) (width 0.12))
    (fp_line (start -1.48 0.73) (end -1.48 -0.73) (layer F.CrtYd) (width 0.05))
    (fp_line (start -1.48 -0.73) (end 1.48 -0.73) (layer F.CrtYd) (width 0.05))
    (fp_line (start 1.48 -0.73) (end 1.48 0.73) (layer F.CrtYd) (width 0.05))
    (fp_line (start 1.48 0.73) (end -1.48 0.73) (layer F.CrtYd) (width 0.05))
    (fp_text user %R (at 0 0 270) (layer F.Fab)
      (effects (font (size 0.4 0.4) (thickness 0.06)))
    )
    (pad 1 smd roundrect (at -0.7875 0 270) (size 0.875 0.95) (layers F.Cu F.Paste F.Mask) (roundrect_rratio 0.25)
      (net 3 3V3))
    (pad 2 smd roundrect (at 0.7875 0 270) (size 0.875 0.95) (layers F.Cu F.Paste F.Mask) (roundrect_rratio 0.25)
      (net 1 GND))
    (model ${KISYS3DMOD}/Capacitor_SMD.3dshapes/C_0603_1608Metric.wrl
      (at (xyz 0 0 0))
      (scale (xyz 1 1 1))
      (rotate (xyz 0 0 0))
    )
  )

  (module Capacitor_SMD:C_0603_1608Metric (layer F.Cu) (tedit 5B301BBE) (tstamp 5C6066A4)
    (at 155.3845 81.5085 270)
    (descr "Capacitor SMD 0603 (1608 Metric), square (rectangular) end terminal, IPC_7351 nominal, (Body size source: http://www.tortai-tech.com/upload/download/2011102023233369053.pdf), generated with kicad-footprint-generator")
    (tags capacitor)
    (path /5C3BCFB9)
    (attr smd)
    (fp_text reference C7 (at 0 -1.43 270) (layer F.SilkS)
      (effects (font (size 1 1) (thickness 0.15)))
    )
    (fp_text value 100n (at 0 1.43 270) (layer F.Fab)
      (effects (font (size 1 1) (thickness 0.15)))
    )
    (fp_line (start -0.8 0.4) (end -0.8 -0.4) (layer F.Fab) (width 0.1))
    (fp_line (start -0.8 -0.4) (end 0.8 -0.4) (layer F.Fab) (width 0.1))
    (fp_line (start 0.8 -0.4) (end 0.8 0.4) (layer F.Fab) (width 0.1))
    (fp_line (start 0.8 0.4) (end -0.8 0.4) (layer F.Fab) (width 0.1))
    (fp_line (start -0.162779 -0.51) (end 0.162779 -0.51) (layer F.SilkS) (width 0.12))
    (fp_line (start -0.162779 0.51) (end 0.162779 0.51) (layer F.SilkS) (width 0.12))
    (fp_line (start -1.48 0.73) (end -1.48 -0.73) (layer F.CrtYd) (width 0.05))
    (fp_line (start -1.48 -0.73) (end 1.48 -0.73) (layer F.CrtYd) (width 0.05))
    (fp_line (start 1.48 -0.73) (end 1.48 0.73) (layer F.CrtYd) (width 0.05))
    (fp_line (start 1.48 0.73) (end -1.48 0.73) (layer F.CrtYd) (width 0.05))
    (fp_text user %R (at 0 0 270) (layer F.Fab)
      (effects (font (size 0.4 0.4) (thickness 0.06)))
    )
    (pad 1 smd roundrect (at -0.7875 0 270) (size 0.875 0.95) (layers F.Cu F.Paste F.Mask) (roundrect_rratio 0.25)
      (net 3 3V3))
    (pad 2 smd roundrect (at 0.7875 0 270) (size 0.875 0.95) (layers F.Cu F.Paste F.Mask) (roundrect_rratio 0.25)
      (net 1 GND))
    (model ${KISYS3DMOD}/Capacitor_SMD.3dshapes/C_0603_1608Metric.wrl
      (at (xyz 0 0 0))
      (scale (xyz 1 1 1))
      (rotate (xyz 0 0 0))
    )
  )

  (module Diode_SMD:D_SOD-123F (layer F.Cu) (tedit 587F7769) (tstamp 5C6066BD)
    (at 139.5065 63.246)
    (descr D_SOD-123F)
    (tags D_SOD-123F)
    (path /5C2CCC65)
    (attr smd)
    (fp_text reference D1 (at -0.127 -1.905) (layer F.SilkS)
      (effects (font (size 1 1) (thickness 0.15)))
    )
    (fp_text value MBR120V (at 0 2.1) (layer F.Fab)
      (effects (font (size 1 1) (thickness 0.15)))
    )
    (fp_text user %R (at -0.127 -1.905) (layer F.Fab)
      (effects (font (size 1 1) (thickness 0.15)))
    )
    (fp_line (start -2.2 -1) (end -2.2 1) (layer F.SilkS) (width 0.12))
    (fp_line (start 0.25 0) (end 0.75 0) (layer F.Fab) (width 0.1))
    (fp_line (start 0.25 0.4) (end -0.35 0) (layer F.Fab) (width 0.1))
    (fp_line (start 0.25 -0.4) (end 0.25 0.4) (layer F.Fab) (width 0.1))
    (fp_line (start -0.35 0) (end 0.25 -0.4) (layer F.Fab) (width 0.1))
    (fp_line (start -0.35 0) (end -0.35 0.55) (layer F.Fab) (width 0.1))
    (fp_line (start -0.35 0) (end -0.35 -0.55) (layer F.Fab) (width 0.1))
    (fp_line (start -0.75 0) (end -0.35 0) (layer F.Fab) (width 0.1))
    (fp_line (start -1.4 0.9) (end -1.4 -0.9) (layer F.Fab) (width 0.1))
    (fp_line (start 1.4 0.9) (end -1.4 0.9) (layer F.Fab) (width 0.1))
    (fp_line (start 1.4 -0.9) (end 1.4 0.9) (layer F.Fab) (width 0.1))
    (fp_line (start -1.4 -0.9) (end 1.4 -0.9) (layer F.Fab) (width 0.1))
    (fp_line (start -2.2 -1.15) (end 2.2 -1.15) (layer F.CrtYd) (width 0.05))
    (fp_line (start 2.2 -1.15) (end 2.2 1.15) (layer F.CrtYd) (width 0.05))
    (fp_line (start 2.2 1.15) (end -2.2 1.15) (layer F.CrtYd) (width 0.05))
    (fp_line (start -2.2 -1.15) (end -2.2 1.15) (layer F.CrtYd) (width 0.05))
    (fp_line (start -2.2 1) (end 1.65 1) (layer F.SilkS) (width 0.12))
    (fp_line (start -2.2 -1) (end 1.65 -1) (layer F.SilkS) (width 0.12))
    (pad 1 smd rect (at -1.4 0) (size 1.1 1.1) (layers F.Cu F.Paste F.Mask)
      (net 4 "Net-(D1-Pad1)"))
    (pad 2 smd rect (at 1.4 0) (size 1.1 1.1) (layers F.Cu F.Paste F.Mask)
      (net 1 GND))
    (model ${KISYS3DMOD}/Diode_SMD.3dshapes/D_SOD-123F.wrl
      (at (xyz 0 0 0))
      (scale (xyz 1 1 1))
      (rotate (xyz 0 0 0))
    )
  )

  (module blheli_esc:UT6MA3 (layer F.Cu) (tedit 5C2A915E) (tstamp 5C6066CA)
    (at 176.403 69.088 90)
    (path /5C2A92AB)
    (fp_text reference FET1 (at 0 1.905 90) (layer F.Fab)
      (effects (font (size 1 1) (thickness 0.15)))
    )
    (fp_text value UT6MA3 (at -0.135 -1.905 90) (layer F.Fab)
      (effects (font (size 1 1) (thickness 0.15)))
    )
    (fp_circle (center -1.2 0.6) (end -1 0.6) (layer F.SilkS) (width 0.15))
    (pad 1 smd rect (at -0.65 0.8625 90) (size 0.45 0.425) (layers F.Cu F.Paste F.Mask)
      (net 1 GND))
    (pad 2 smd rect (at 0 0.8625 90) (size 0.45 0.425) (layers F.Cu F.Paste F.Mask)
      (net 5 AP))
    (pad 3 smd rect (at 0.65 0.8625 90) (size 0.45 0.425) (layers F.Cu F.Paste F.Mask)
      (net 6 PHASE_A))
    (pad 4 smd rect (at 0.65 -0.8625 90) (size 0.45 0.425) (layers F.Cu F.Paste F.Mask)
      (net 2 V_BATT))
    (pad 5 smd rect (at 0 -0.8625 90) (size 0.45 0.425) (layers F.Cu F.Paste F.Mask)
      (net 7 "Net-(FET1-Pad5)"))
    (pad 6 smd rect (at -0.65 -0.8625 90) (size 0.45 0.425) (layers F.Cu F.Paste F.Mask)
      (net 6 PHASE_A))
    (pad 7 smd rect (at -0.5 0 90) (size 0.7 1) (layers F.Cu F.Paste F.Mask)
      (net 6 PHASE_A))
    (pad 8 smd rect (at 0.5 0 90) (size 0.7 1) (layers F.Cu F.Paste F.Mask)
      (net 6 PHASE_A))
  )

  (module blheli_esc:UT6MA3 (layer F.Cu) (tedit 5C2A9376) (tstamp 5C6A5EDB)
    (at 176.276 74.676 90)
    (path /5C2BCBF3)
    (fp_text reference FET2 (at -3.556 0 90) (layer F.Fab)
      (effects (font (size 1 1) (thickness 0.15)))
    )
    (fp_text value UT6MA3 (at 0 -2.54 90) (layer F.Fab)
      (effects (font (size 1 1) (thickness 0.15)))
    )
    (fp_circle (center -1.2 0.6) (end -1 0.6) (layer F.SilkS) (width 0.15))
    (pad 1 smd rect (at -0.65 0.8625 90) (size 0.45 0.425) (layers F.Cu F.Paste F.Mask)
      (net 1 GND))
    (pad 2 smd rect (at 0 0.8625 90) (size 0.45 0.425) (layers F.Cu F.Paste F.Mask)
      (net 8 BP))
    (pad 3 smd rect (at 0.65 0.8625 90) (size 0.45 0.425) (layers F.Cu F.Paste F.Mask)
      (net 9 PHASE_B))
    (pad 4 smd rect (at 0.65 -0.8625 90) (size 0.45 0.425) (layers F.Cu F.Paste F.Mask)
      (net 2 V_BATT))
    (pad 5 smd rect (at 0 -0.8625 90) (size 0.45 0.425) (layers F.Cu F.Paste F.Mask)
      (net 10 "Net-(FET2-Pad5)"))
    (pad 6 smd rect (at -0.65 -0.8625 90) (size 0.45 0.425) (layers F.Cu F.Paste F.Mask)
      (net 9 PHASE_B))
    (pad 7 smd rect (at -0.5 0 90) (size 0.7 1) (layers F.Cu F.Paste F.Mask)
      (net 9 PHASE_B))
    (pad 8 smd rect (at 0.5 0 90) (size 0.7 1) (layers F.Cu F.Paste F.Mask)
      (net 9 PHASE_B))
  )

  (module blheli_esc:UT6MA3 (layer F.Cu) (tedit 5C2A8512) (tstamp 5C6066E4)
    (at 176.276 80.264 90)
    (path /5C2BFDE6)
    (fp_text reference FET3 (at 0 2.54 90) (layer F.SilkS)
      (effects (font (size 1 1) (thickness 0.15)))
    )
    (fp_text value UT6MA3 (at 0 -2.032 90) (layer F.Fab)
      (effects (font (size 1 1) (thickness 0.15)))
    )
    (fp_circle (center -1.2 0.6) (end -1 0.6) (layer F.SilkS) (width 0.15))
    (pad 8 smd rect (at 0.5 0 90) (size 0.7 1) (layers F.Cu F.Paste F.Mask)
      (net 11 PHASE_C))
    (pad 7 smd rect (at -0.5 0 90) (size 0.7 1) (layers F.Cu F.Paste F.Mask)
      (net 11 PHASE_C))
    (pad 6 smd rect (at -0.65 -0.8625 90) (size 0.45 0.425) (layers F.Cu F.Paste F.Mask)
      (net 11 PHASE_C))
    (pad 5 smd rect (at 0 -0.8625 90) (size 0.45 0.425) (layers F.Cu F.Paste F.Mask)
      (net 12 "Net-(FET3-Pad5)"))
    (pad 4 smd rect (at 0.65 -0.8625 90) (size 0.45 0.425) (layers F.Cu F.Paste F.Mask)
      (net 2 V_BATT))
    (pad 3 smd rect (at 0.65 0.8625 90) (size 0.45 0.425) (layers F.Cu F.Paste F.Mask)
      (net 11 PHASE_C))
    (pad 2 smd rect (at 0 0.8625 90) (size 0.45 0.425) (layers F.Cu F.Paste F.Mask)
      (net 13 CP))
    (pad 1 smd rect (at -0.65 0.8625 90) (size 0.45 0.425) (layers F.Cu F.Paste F.Mask)
      (net 1 GND))
  )

  (module Connector:FanPinHeader_1x03_P2.54mm_Vertical (layer F.Cu) (tedit 5A19DCDF) (tstamp 5C6066FE)
    (at 127.3175 89.789)
    (descr "3-pin CPU fan Through hole pin header, see http://www.formfactors.org/developer%5Cspecs%5Crev1_2_public.pdf")
    (tags "pin header 3-pin CPU fan")
    (path /5C302F31)
    (fp_text reference J1 (at 2.5 -3.4) (layer F.SilkS)
      (effects (font (size 1 1) (thickness 0.15)))
    )
    (fp_text value Conn_01x03_Male (at 2.55 4.5) (layer F.Fab)
      (effects (font (size 1 1) (thickness 0.15)))
    )
    (fp_text user %R (at 2.45 1.8) (layer F.Fab)
      (effects (font (size 1 1) (thickness 0.15)))
    )
    (fp_line (start -1.35 3.4) (end -1.35 -2.65) (layer F.SilkS) (width 0.12))
    (fp_line (start -1.35 -2.65) (end 6.45 -2.65) (layer F.SilkS) (width 0.12))
    (fp_line (start 6.45 -2.65) (end 6.45 3.4) (layer F.SilkS) (width 0.12))
    (fp_line (start 6.45 3.4) (end -1.35 3.4) (layer F.SilkS) (width 0.12))
    (fp_line (start 5.05 3.3) (end 5.05 2.3) (layer F.Fab) (width 0.1))
    (fp_line (start 5.05 2.3) (end 0 2.3) (layer F.Fab) (width 0.1))
    (fp_line (start 0 2.3) (end 0 3.3) (layer F.Fab) (width 0.1))
    (fp_line (start -1.25 3.3) (end -1.25 -2.55) (layer F.Fab) (width 0.1))
    (fp_line (start -1.25 -2.55) (end 6.35 -2.55) (layer F.Fab) (width 0.1))
    (fp_line (start 6.35 -2.55) (end 6.35 3.3) (layer F.Fab) (width 0.1))
    (fp_line (start 6.35 3.3) (end -1.25 3.3) (layer F.Fab) (width 0.1))
    (fp_line (start 0 3.3) (end 0 2.29) (layer F.SilkS) (width 0.12))
    (fp_line (start 0 2.29) (end 5.08 2.29) (layer F.SilkS) (width 0.12))
    (fp_line (start 5.08 2.29) (end 5.08 3.3) (layer F.SilkS) (width 0.12))
    (fp_line (start -1.75 3.8) (end -1.75 -3.05) (layer F.CrtYd) (width 0.05))
    (fp_line (start -1.75 3.8) (end 6.85 3.8) (layer F.CrtYd) (width 0.05))
    (fp_line (start 6.85 -3.05) (end -1.75 -3.05) (layer F.CrtYd) (width 0.05))
    (fp_line (start 6.85 -3.05) (end 6.85 3.8) (layer F.CrtYd) (width 0.05))
    (pad 1 thru_hole rect (at 0 0 90) (size 2.03 1.73) (drill 1.02) (layers *.Cu *.Mask)
      (net 14 RC_IN))
    (pad 2 thru_hole oval (at 2.54 0 90) (size 2.03 1.73) (drill 1.02) (layers *.Cu *.Mask)
      (net 15 "Net-(J1-Pad2)"))
    (pad 3 thru_hole oval (at 5.08 0 90) (size 2.03 1.73) (drill 1.02) (layers *.Cu *.Mask)
      (net 1 GND))
    (model ${KISYS3DMOD}/Connector.3dshapes/FanPinHeader_1x03_P2.54mm_Vertical.wrl
      (at (xyz 0 0 0))
      (scale (xyz 1 1 1))
      (rotate (xyz 0 0 0))
    )
  )

  (module Inductor_SMD:L_12x12mm_H4.5mm (layer F.Cu) (tedit 5990349B) (tstamp 5C60674D)
    (at 168.148 56.642 90)
    (descr "Choke, SMD, 12x12mm 4.5mm height")
    (tags "Choke SMD")
    (path /5C2CCA77)
    (attr smd)
    (fp_text reference L1 (at 0 -8.89 90) (layer F.SilkS)
      (effects (font (size 1 1) (thickness 0.15)))
    )
    (fp_text value 47uH (at 0 8.89 90) (layer F.Fab)
      (effects (font (size 1 1) (thickness 0.15)))
    )
    (fp_text user %R (at 0 0 90) (layer F.Fab)
      (effects (font (size 1 1) (thickness 0.15)))
    )
    (fp_line (start 6.3 3.3) (end 6.3 6.3) (layer F.SilkS) (width 0.12))
    (fp_line (start 6.3 6.3) (end -6.3 6.3) (layer F.SilkS) (width 0.12))
    (fp_line (start -6.3 6.3) (end -6.3 3.3) (layer F.SilkS) (width 0.12))
    (fp_line (start -6.3 -3.3) (end -6.3 -6.3) (layer F.SilkS) (width 0.12))
    (fp_line (start -6.3 -6.3) (end 6.3 -6.3) (layer F.SilkS) (width 0.12))
    (fp_line (start 6.3 -6.3) (end 6.3 -3.3) (layer F.SilkS) (width 0.12))
    (fp_line (start -6.86 -6.6) (end 6.86 -6.6) (layer F.CrtYd) (width 0.05))
    (fp_line (start 6.86 -6.6) (end 6.86 6.6) (layer F.CrtYd) (width 0.05))
    (fp_line (start 6.86 6.6) (end -6.86 6.6) (layer F.CrtYd) (width 0.05))
    (fp_line (start -6.86 6.6) (end -6.86 -6.6) (layer F.CrtYd) (width 0.05))
    (fp_line (start 4.9 3.3) (end 5 3.4) (layer F.Fab) (width 0.1))
    (fp_line (start 5 3.4) (end 5.1 3.8) (layer F.Fab) (width 0.1))
    (fp_line (start 5.1 3.8) (end 5 4.3) (layer F.Fab) (width 0.1))
    (fp_line (start 5 4.3) (end 4.8 4.6) (layer F.Fab) (width 0.1))
    (fp_line (start 4.8 4.6) (end 4.5 5) (layer F.Fab) (width 0.1))
    (fp_line (start 4.5 5) (end 4 5.1) (layer F.Fab) (width 0.1))
    (fp_line (start 4 5.1) (end 3.5 5) (layer F.Fab) (width 0.1))
    (fp_line (start 3.5 5) (end 3.1 4.7) (layer F.Fab) (width 0.1))
    (fp_line (start 3.1 4.7) (end 3 4.6) (layer F.Fab) (width 0.1))
    (fp_line (start 3 4.6) (end 2.4 5) (layer F.Fab) (width 0.1))
    (fp_line (start 2.4 5) (end 1.6 5.3) (layer F.Fab) (width 0.1))
    (fp_line (start 1.6 5.3) (end 0.6 5.5) (layer F.Fab) (width 0.1))
    (fp_line (start 0.6 5.5) (end -0.6 5.5) (layer F.Fab) (width 0.1))
    (fp_line (start -0.6 5.5) (end -1.5 5.3) (layer F.Fab) (width 0.1))
    (fp_line (start -1.5 5.3) (end -2.1 5.1) (layer F.Fab) (width 0.1))
    (fp_line (start -2.1 5.1) (end -2.6 4.9) (layer F.Fab) (width 0.1))
    (fp_line (start -2.6 4.9) (end -3 4.7) (layer F.Fab) (width 0.1))
    (fp_line (start -3 4.7) (end -3.3 4.9) (layer F.Fab) (width 0.1))
    (fp_line (start -3.3 4.9) (end -3.9 5.1) (layer F.Fab) (width 0.1))
    (fp_line (start -3.9 5.1) (end -4.3 5) (layer F.Fab) (width 0.1))
    (fp_line (start -4.3 5) (end -4.6 4.8) (layer F.Fab) (width 0.1))
    (fp_line (start -4.6 4.8) (end -4.9 4.6) (layer F.Fab) (width 0.1))
    (fp_line (start -4.9 4.6) (end -5.1 4.1) (layer F.Fab) (width 0.1))
    (fp_line (start -5.1 4.1) (end -5 3.6) (layer F.Fab) (width 0.1))
    (fp_line (start -5 3.6) (end -4.8 3.2) (layer F.Fab) (width 0.1))
    (fp_line (start 4.9 -3.3) (end 5 -3.6) (layer F.Fab) (width 0.1))
    (fp_line (start 5 -3.6) (end 5.1 -4) (layer F.Fab) (width 0.1))
    (fp_line (start 5.1 -4) (end 5 -4.3) (layer F.Fab) (width 0.1))
    (fp_line (start 5 -4.3) (end 4.8 -4.7) (layer F.Fab) (width 0.1))
    (fp_line (start 4.8 -4.7) (end 4.5 -4.9) (layer F.Fab) (width 0.1))
    (fp_line (start 4.5 -4.9) (end 4.2 -5.1) (layer F.Fab) (width 0.1))
    (fp_line (start 4.2 -5.1) (end 3.9 -5.1) (layer F.Fab) (width 0.1))
    (fp_line (start 3.9 -5.1) (end 3.6 -5) (layer F.Fab) (width 0.1))
    (fp_line (start 3.6 -5) (end 3.3 -4.9) (layer F.Fab) (width 0.1))
    (fp_line (start 3.3 -4.9) (end 3 -4.6) (layer F.Fab) (width 0.1))
    (fp_line (start 3 -4.6) (end 2.6 -4.9) (layer F.Fab) (width 0.1))
    (fp_line (start 2.6 -4.9) (end 2.2 -5.1) (layer F.Fab) (width 0.1))
    (fp_line (start 2.2 -5.1) (end 1.7 -5.3) (layer F.Fab) (width 0.1))
    (fp_line (start 1.7 -5.3) (end 0.9 -5.5) (layer F.Fab) (width 0.1))
    (fp_line (start 0.9 -5.5) (end 0 -5.6) (layer F.Fab) (width 0.1))
    (fp_line (start 0 -5.6) (end -0.8 -5.5) (layer F.Fab) (width 0.1))
    (fp_line (start -0.8 -5.5) (end -1.7 -5.3) (layer F.Fab) (width 0.1))
    (fp_line (start -1.7 -5.3) (end -2.6 -4.9) (layer F.Fab) (width 0.1))
    (fp_line (start -2.6 -4.9) (end -3 -4.7) (layer F.Fab) (width 0.1))
    (fp_line (start -3 -4.7) (end -3.3 -4.9) (layer F.Fab) (width 0.1))
    (fp_line (start -3.3 -4.9) (end -3.7 -5.1) (layer F.Fab) (width 0.1))
    (fp_line (start -3.7 -5.1) (end -4.2 -5) (layer F.Fab) (width 0.1))
    (fp_line (start -4.2 -5) (end -4.6 -4.8) (layer F.Fab) (width 0.1))
    (fp_line (start -4.6 -4.8) (end -4.9 -4.5) (layer F.Fab) (width 0.1))
    (fp_line (start -4.9 -4.5) (end -5.1 -4) (layer F.Fab) (width 0.1))
    (fp_line (start -5.1 -4) (end -5 -3.5) (layer F.Fab) (width 0.1))
    (fp_line (start -5 -3.5) (end -4.8 -3.2) (layer F.Fab) (width 0.1))
    (fp_line (start -6.2 3.3) (end -6.2 6.2) (layer F.Fab) (width 0.1))
    (fp_line (start -6.2 6.2) (end 6.2 6.2) (layer F.Fab) (width 0.1))
    (fp_line (start 6.2 6.2) (end 6.2 3.3) (layer F.Fab) (width 0.1))
    (fp_line (start 6.2 -6.2) (end -6.2 -6.2) (layer F.Fab) (width 0.1))
    (fp_line (start -6.2 -6.2) (end -6.2 -3.3) (layer F.Fab) (width 0.1))
    (fp_line (start 6.2 -6.2) (end 6.2 -3.3) (layer F.Fab) (width 0.1))
    (fp_circle (center 0 0) (end 0.9 0) (layer F.Adhes) (width 0.38))
    (fp_circle (center 0 0) (end 0.55 0) (layer F.Adhes) (width 0.38))
    (fp_circle (center 0 0) (end 0.15 0.15) (layer F.Adhes) (width 0.38))
    (fp_circle (center -2.1 3) (end -1.8 3.25) (layer F.Fab) (width 0.1))
    (pad 1 smd rect (at -4.95 0 90) (size 2.9 5.4) (layers F.Cu F.Paste F.Mask)
      (net 3 3V3))
    (pad 2 smd rect (at 4.95 0 90) (size 2.9 5.4) (layers F.Cu F.Paste F.Mask)
      (net 4 "Net-(D1-Pad1)"))
    (model ${KISYS3DMOD}/Inductor_SMD.3dshapes/L_12x12mm_H4.5mm.wrl
      (at (xyz 0 0 0))
      (scale (xyz 1 1 1))
      (rotate (xyz 0 0 0))
    )
  )

  (module TestPoint:TestPoint_Pad_3.0x3.0mm (layer F.Cu) (tedit 5A0F774F) (tstamp 5C60675B)
    (at 136.017 74.8665)
    (descr "SMD rectangular pad as test Point, square 3.0mm side length")
    (tags "test point SMD pad rectangle square")
    (path /5C33EEBB)
    (attr virtual)
    (fp_text reference PAD1 (at 0 -2.398) (layer F.SilkS)
      (effects (font (size 1 1) (thickness 0.15)))
    )
    (fp_text value PAD (at 0 2.55) (layer F.Fab)
      (effects (font (size 1 1) (thickness 0.15)))
    )
    (fp_line (start 2 2) (end -2 2) (layer F.CrtYd) (width 0.05))
    (fp_line (start 2 2) (end 2 -2) (layer F.CrtYd) (width 0.05))
    (fp_line (start -2 -2) (end -2 2) (layer F.CrtYd) (width 0.05))
    (fp_line (start -2 -2) (end 2 -2) (layer F.CrtYd) (width 0.05))
    (fp_line (start -1.7 1.7) (end -1.7 -1.7) (layer F.SilkS) (width 0.12))
    (fp_line (start 1.7 1.7) (end -1.7 1.7) (layer F.SilkS) (width 0.12))
    (fp_line (start 1.7 -1.7) (end 1.7 1.7) (layer F.SilkS) (width 0.12))
    (fp_line (start -1.7 -1.7) (end 1.7 -1.7) (layer F.SilkS) (width 0.12))
    (fp_text user %R (at 0 -2.4) (layer F.Fab)
      (effects (font (size 1 1) (thickness 0.15)))
    )
    (pad 1 smd rect (at 0 0) (size 3 3) (layers F.Cu F.Mask)
      (net 2 V_BATT))
  )

  (module TestPoint:TestPoint_Pad_3.0x3.0mm (layer F.Cu) (tedit 5A0F774F) (tstamp 5C606769)
    (at 137.4775 81.788)
    (descr "SMD rectangular pad as test Point, square 3.0mm side length")
    (tags "test point SMD pad rectangle square")
    (path /5C33EF1B)
    (attr virtual)
    (fp_text reference PAD2 (at 0 -2.398) (layer F.SilkS)
      (effects (font (size 1 1) (thickness 0.15)))
    )
    (fp_text value PAD (at 0 2.55) (layer F.Fab)
      (effects (font (size 1 1) (thickness 0.15)))
    )
    (fp_text user %R (at 0 -2.4) (layer F.Fab)
      (effects (font (size 1 1) (thickness 0.15)))
    )
    (fp_line (start -1.7 -1.7) (end 1.7 -1.7) (layer F.SilkS) (width 0.12))
    (fp_line (start 1.7 -1.7) (end 1.7 1.7) (layer F.SilkS) (width 0.12))
    (fp_line (start 1.7 1.7) (end -1.7 1.7) (layer F.SilkS) (width 0.12))
    (fp_line (start -1.7 1.7) (end -1.7 -1.7) (layer F.SilkS) (width 0.12))
    (fp_line (start -2 -2) (end 2 -2) (layer F.CrtYd) (width 0.05))
    (fp_line (start -2 -2) (end -2 2) (layer F.CrtYd) (width 0.05))
    (fp_line (start 2 2) (end 2 -2) (layer F.CrtYd) (width 0.05))
    (fp_line (start 2 2) (end -2 2) (layer F.CrtYd) (width 0.05))
    (pad 1 smd rect (at 0 0) (size 3 3) (layers F.Cu F.Mask)
      (net 1 GND))
  )

  (module Package_TO_SOT_SMD:SOT-23 (layer F.Cu) (tedit 5A02FF57) (tstamp 5C609BC9)
    (at 170.18 69.088)
    (descr "SOT-23, Standard")
    (tags SOT-23)
    (path /5C2A8EA1)
    (attr smd)
    (fp_text reference Q1 (at 0 -2.5) (layer F.SilkS)
      (effects (font (size 1 1) (thickness 0.15)))
    )
    (fp_text value BC847 (at 0 2.5) (layer F.Fab)
      (effects (font (size 1 1) (thickness 0.15)))
    )
    (fp_text user %R (at 0 0 90) (layer F.Fab)
      (effects (font (size 0.5 0.5) (thickness 0.075)))
    )
    (fp_line (start -0.7 -0.95) (end -0.7 1.5) (layer F.Fab) (width 0.1))
    (fp_line (start -0.15 -1.52) (end 0.7 -1.52) (layer F.Fab) (width 0.1))
    (fp_line (start -0.7 -0.95) (end -0.15 -1.52) (layer F.Fab) (width 0.1))
    (fp_line (start 0.7 -1.52) (end 0.7 1.52) (layer F.Fab) (width 0.1))
    (fp_line (start -0.7 1.52) (end 0.7 1.52) (layer F.Fab) (width 0.1))
    (fp_line (start 0.76 1.58) (end 0.76 0.65) (layer F.SilkS) (width 0.12))
    (fp_line (start 0.76 -1.58) (end 0.76 -0.65) (layer F.SilkS) (width 0.12))
    (fp_line (start -1.7 -1.75) (end 1.7 -1.75) (layer F.CrtYd) (width 0.05))
    (fp_line (start 1.7 -1.75) (end 1.7 1.75) (layer F.CrtYd) (width 0.05))
    (fp_line (start 1.7 1.75) (end -1.7 1.75) (layer F.CrtYd) (width 0.05))
    (fp_line (start -1.7 1.75) (end -1.7 -1.75) (layer F.CrtYd) (width 0.05))
    (fp_line (start 0.76 -1.58) (end -1.4 -1.58) (layer F.SilkS) (width 0.12))
    (fp_line (start 0.76 1.58) (end -0.7 1.58) (layer F.SilkS) (width 0.12))
    (pad 1 smd rect (at -1 -0.95) (size 0.9 0.8) (layers F.Cu F.Paste F.Mask)
      (net 16 "Net-(Q1-Pad1)"))
    (pad 2 smd rect (at -1 0.95) (size 0.9 0.8) (layers F.Cu F.Paste F.Mask)
      (net 1 GND))
    (pad 3 smd rect (at 1 0) (size 0.9 0.8) (layers F.Cu F.Paste F.Mask)
      (net 7 "Net-(FET1-Pad5)"))
    (model ${KISYS3DMOD}/Package_TO_SOT_SMD.3dshapes/SOT-23.wrl
      (at (xyz 0 0 0))
      (scale (xyz 1 1 1))
      (rotate (xyz 0 0 0))
    )
  )

  (module Package_TO_SOT_SMD:SOT-23 (layer F.Cu) (tedit 5A02FF57) (tstamp 5C609968)
    (at 170.18 74.676)
    (descr "SOT-23, Standard")
    (tags SOT-23)
    (path /5C2BCBED)
    (attr smd)
    (fp_text reference Q2 (at 0 -2.5) (layer F.SilkS)
      (effects (font (size 1 1) (thickness 0.15)))
    )
    (fp_text value BC847 (at 0 2.5) (layer F.Fab)
      (effects (font (size 1 1) (thickness 0.15)))
    )
    (fp_line (start 0.76 1.58) (end -0.7 1.58) (layer F.SilkS) (width 0.12))
    (fp_line (start 0.76 -1.58) (end -1.4 -1.58) (layer F.SilkS) (width 0.12))
    (fp_line (start -1.7 1.75) (end -1.7 -1.75) (layer F.CrtYd) (width 0.05))
    (fp_line (start 1.7 1.75) (end -1.7 1.75) (layer F.CrtYd) (width 0.05))
    (fp_line (start 1.7 -1.75) (end 1.7 1.75) (layer F.CrtYd) (width 0.05))
    (fp_line (start -1.7 -1.75) (end 1.7 -1.75) (layer F.CrtYd) (width 0.05))
    (fp_line (start 0.76 -1.58) (end 0.76 -0.65) (layer F.SilkS) (width 0.12))
    (fp_line (start 0.76 1.58) (end 0.76 0.65) (layer F.SilkS) (width 0.12))
    (fp_line (start -0.7 1.52) (end 0.7 1.52) (layer F.Fab) (width 0.1))
    (fp_line (start 0.7 -1.52) (end 0.7 1.52) (layer F.Fab) (width 0.1))
    (fp_line (start -0.7 -0.95) (end -0.15 -1.52) (layer F.Fab) (width 0.1))
    (fp_line (start -0.15 -1.52) (end 0.7 -1.52) (layer F.Fab) (width 0.1))
    (fp_line (start -0.7 -0.95) (end -0.7 1.5) (layer F.Fab) (width 0.1))
    (fp_text user %R (at 0 0 90) (layer F.Fab)
      (effects (font (size 0.5 0.5) (thickness 0.075)))
    )
    (pad 3 smd rect (at 1 0) (size 0.9 0.8) (layers F.Cu F.Paste F.Mask)
      (net 10 "Net-(FET2-Pad5)"))
    (pad 2 smd rect (at -1 0.95) (size 0.9 0.8) (layers F.Cu F.Paste F.Mask)
      (net 1 GND))
    (pad 1 smd rect (at -1 -0.95) (size 0.9 0.8) (layers F.Cu F.Paste F.Mask)
      (net 17 "Net-(Q2-Pad1)"))
    (model ${KISYS3DMOD}/Package_TO_SOT_SMD.3dshapes/SOT-23.wrl
